
工单号             工单标志   工序 工序类型 SFC关联号       订购数       合格数       报废数
------------------ -------- ------ -------- --------- ------------ ------------ ------------
G0902W41024-43     775237        5                358         24.0         24.0          0.0
G0902W41024-43     775236        3                358         24.0         23.0          1.0
G0902W41024-43     775236        5                358         23.0         23.0          0.0
G0902W41024-43     775236       10                358         23.0         23.0          0.0
G0902W41024-43     775236       15 D              358         23.0          0.0          0.0
G0902W41024-43     775236       17                358         23.0         23.0          0.0
G0902W41024-43     775235       20                358         24.0          0.0          2.0
G0902W41024-43     775234       35                358         22.0          0.0          0.0
G0902W41024-43     775234       36                358         22.0          0.0          0.0
G0902W41024-43     775233       38                358         22.0          0.0          0.0
G0902W41024-43     775232        5                358         22.0          0.0          0.0
G0902W41024-43     775232       10                358         22.0          0.0          0.0
G0902W41024-43     775232       15                358         22.0          0.0          0.0
G0902W41024-43     775232       20                358         22.0          0.0          0.0
G0902W41024-43     775232       25                358         22.0          0.0          0.0
G0902W41024-43     775232       42                358         22.0          0.0          0.0
G0902W41024-43     775231       45                358         22.0          0.0          0.0
G0902W41024-43     775230       50                358         22.0          0.0          0.0
G0902W41024-43     775229       60                358         22.0          0.0          0.0
G0902W41024-43     775229       63                358         22.0          0.0          0.0
G0902W41024-43     775229       65                358         22.0          0.0          0.0
G0902W41024-43     775229       70                358         22.0          0.0          0.0
G0902W41024-43     775229       75                358         22.0          0.0          0.0
G0902W41024-43     775229       80                358         22.0          0.0          0.0
G0902W41024-43     775229       82                358         22.0          0.0          0.0
G0902W41024-43     775229       85                358         22.0          0.0          0.0
G0902W41024-43     775229       86                358         22.0          0.0          0.0
G0902W41024-43     775229       90                358         22.0          0.0          0.0
G0902W41024-43     775229       95                358         22.0          0.0          0.0
G0902W30889-31     755908        5                428         18.0         18.0          0.0
G0902W30889-31     755907       10                428         18.0         16.0          2.0
G0902W30889-31     755906       15                428         18.0         16.0          0.0
G0902W30889-31     755905       20                428         18.0         16.0          0.0
G0902W30889-31     755904       25                428         18.0         16.0          0.0
G0902W30889-31     755903       30                428         18.0         16.0          0.0
G0902W30889-31     755902       35                428         18.0         16.0          0.0
G0902W30889-31     755902       40                428         18.0         16.0          0.0
G0902W30889-31     755902       45                428         18.0         16.0          0.0
G0902W30889-31     755902       50                428         18.0         16.0          0.0
G0902W30899-11     755971        5                456          6.0          4.0          2.0
G0902W30899-11     755971       10                456          3.0          4.0          0.0
G0902W30899-11     755970        5                456          4.0          2.0          1.0
G0902W30899-11     755970       10                456          4.0          0.0          0.0
G0902W30899-11     755969       20                456          4.0          0.0          0.0
G0902W30899-11     755968       25                456          4.0          0.0          0.0
G0902W30899-11     755967       30                456          4.0          0.0          0.0
G0902W30899-11     755967       35                456          4.0          0.0          0.0
G0902W30899-11     755967       45                456          4.0          0.0          0.0
G0902W30899-11     755967       48                456          4.0          0.0          0.0
G0902W30899-11     755967       50                456          4.0          0.0          0.0
G0902W30899-11     755967       55                456          4.0          0.0          0.0
G0902W30899-11     755967       60                456          4.0          0.0          0.0
G0902A00036-11     762392       10                472          9.0          9.0          0.0
G0902A00036-11     762392       15                472          9.0          9.0          0.0
G0902A00036-11     762392       20                472          9.0          9.0          0.0
G0902A00036-11     762392       25                472          9.0          9.0          0.0
G0902A00036-11     762392       30                472          9.0          9.0          0.0
G0902A00036-11     762392       35                472          9.0          7.0          0.0
G0902A00036-11     762392       40                472          7.0          0.0          0.0
G0902A00036-11     762392       45                472          7.0          0.0          0.0
G0903W10595-31     775019        5                476         38.0         38.0          0.0
G0903W10595-31     775018        8                476         38.0         38.0          0.0
G0903W10595-31     775017       10                476         38.0         37.0          1.0
G0903W10595-31     775016       15                476         37.0         33.0          4.0
G0903W10595-31     775015       16                476         37.0         33.0          0.0
G0903W10595-31     775014       20                476         37.0         33.0          0.0
G0903W10595-31     775014       25                476         37.0         33.0          0.0
G0903W10595-31     775014       27                476         37.0         32.0          1.0
G0903W10595-31     775014       30                476         36.0          0.0          0.0
G0903W10595-31     775014       35                476         36.0          0.0          0.0
G0903W10595-31     775014       40                476         36.0          0.0          0.0
G0903W10595-31     775014       45                476         36.0          0.0          0.0
G0903W10595-31     775014       50                476         36.0          0.0          0.0
G0902W30932-11     756767       10                562          8.0          8.0          0.0
G0902W30932-11     756766       10                562          8.0          2.0          6.0
G0902W30932-11     756765        5                562          8.0          0.0          0.0
G0902W30932-11     756765       10                562          8.0          0.0          0.0
G0903W20139-21     776389        5                569         32.0         32.0          0.0
G0903W20139-21     776388        7                569         32.0         32.0          0.0
G0903W20139-21     776387        8                569         32.0         32.0          0.0
G0903W20139-21     776382        5                569         30.0         30.0          0.0
G0903W20139-21     776382       10                569         30.0         30.0          0.0
G0903W20139-21     776381       40                569         30.0         30.0          0.0
G0903W20139-21     776381       45                569         30.0         30.0          0.0
G0903W20139-21     776381       50                569         30.0         30.0          0.0
G0903W20139-21     776381       55                569         30.0         30.0          0.0
G0903W20139-21     776381       60                569         30.0         30.0          0.0
G0903W20139-21     776381       70                569         30.0          0.0          0.0
G0903W20139-21     776381       75                569         30.0          0.0          0.0
G0903W20139-21     776381       80                569         30.0          0.0          0.0
G0902W40842-11     755099        5                576         38.0         39.0          0.0
G0902W40842-11     755099       10                576         39.0         39.0          0.0
G0902W40842-11     755099       15                576         39.0         38.0          1.0
G0902W40842-11     755098        5                576         39.0         38.0          0.0
G0902W40842-11     755098       10                576         39.0         38.0          0.0
G0902W40842-11     755097       15                576         39.0          0.0          0.0
G0902W40842-11     755096       25                576         39.0          0.0          0.0
G0902W40842-11     755096       30                576         39.0          0.0          0.0
G0902W40842-11     755096       35                576         39.0          0.0          0.0
G0902W40842-11     755096       40                576         39.0          0.0          0.0
G0902W40842-11     755096       45                576         39.0          0.0          0.0
G0902W40842-11     755096       50                576         39.0          0.0          0.0
G0902W40853-11     755813        5                593         36.0         34.0          0.0
G0902W40853-11     755813       10                593         35.0         34.0          0.0
G0902W40853-11     755813       15                593         35.0         34.0          0.0
G0902W40853-11     755812        5                593         36.0         33.0          1.0
G0902W40853-11     755812       10                593         35.0         33.0          0.0
G0902W40853-11     755811       15                593         36.0          0.0          0.0
G0902W40853-11     755810       30                593         36.0          0.0          0.0
G0902W40853-11     755810       35                593         36.0          0.0          0.0
G0902W40853-11     755810       40                593         36.0          0.0          0.0
G0902W40853-11     755810       45                593         36.0          0.0          0.0
G0902W40853-11     755810       50                593         36.0          0.0          0.0
G0902W40853-11     755810       55                593         36.0          0.0          0.0
G0903W20161-11     778335        5                633         12.0         12.0          0.0
G0903W20161-11     778334        8                633         10.0         11.0          1.0
G0903W20161-11     778333       10                633         11.0         10.0          1.0
G0903W20161-11     778332        5                633         11.0         10.0          0.0
G0903W20161-11     778332       10                633         11.0         10.0          0.0
G0903W20161-11     778332       15                633         11.0         10.0          0.0
G0903W20161-11     778331       18                633         11.0         10.0          0.0
G0903W20161-11     778330       20                633         12.0          7.0          1.0
G0903W20161-11     778329       25                633         12.0          0.0          0.0
G0903W20161-11     778328       30                633         12.0          0.0          0.0
G0903W20161-11     778327       40                633         12.0          0.0          0.0
G0903W20161-11     778326       45                633         12.0          0.0          0.0
G0903W20161-11     778325       55                633         12.0          0.0          0.0
G0903W20161-11     778325       60                633         12.0          0.0          0.0
G0903W20161-11     778325       65                633         12.0          0.0          0.0
G0903W20161-11     778325       70                633         12.0          0.0          0.0
G0903W20161-11     778325       75                633         12.0          0.0          0.0
G0903W20152-21     778216        5                682         14.0         14.0          0.0
G0903W20152-21     778215       10                682         14.0         13.0          1.0
G0903W20152-21     778214       15                682         14.0         12.0          1.0
G0903W20152-21     778213       20                682         13.0          0.0          0.0
G0903W20152-21     778212       22                682         13.0          0.0          0.0
G0903W20152-21     778211       25                682         13.0          0.0          0.0
G0903W20152-21     778210       30                682         13.0          0.0          0.0
G0903W20152-21     778209       35                682         13.0          0.0          0.0
G0903W20152-21     778208        5                682         13.0          0.0          0.0
G0903W20152-21     778208       10                682         13.0          0.0          0.0
G0903W20152-21     778207       40                682         13.0          0.0          0.0
G0903W20152-21     778206       60                682         13.0          0.0          0.0
G0903W20152-21     778204       70                682         13.0          0.0          0.0
G0903W20152-21     778204       72                682         13.0          0.0          0.0
G0903W20152-21     778204       75                682         13.0          0.0          0.0
WO08122651-4       715838        2                708         12.0         12.0          0.0
WO08122651-4       715838        3                708         12.0          0.0          0.0
WO08122651-4       715838        5                708         14.0          0.0          0.0
WO08122651-4       715837       10                708         14.0          0.0          0.0
WO08122651-4       715836       15                708         14.0          0.0          0.0
WO08122651-4       715835       20                708         14.0          0.0          0.0
WO08122651-4       715833       30                708         14.0          0.0          0.0
WO08122651-4       715833       32                708         14.0          0.0          0.0
WO08122651-4       715833       35                708         14.0          0.0          0.0
WO08122651-4       715833       40                708         14.0          0.0          0.0
G0903W10593-11     775041        5                785         36.0         36.0          0.0
G0903W10593-11     775040       10                785         36.0         35.0          1.0
G0903W10593-11     775039       15                785         36.0         34.0          1.0
G0903W10593-11     775038        5                785         35.0          0.0          0.0
G0903W10593-11     775038       10                785         35.0          0.0          0.0
G0903W10593-11     775036       25                785         35.0          0.0          0.0
G0903W10593-11     775036       30                785         35.0          0.0          0.0
G0903W10593-11     775036       35                785         35.0          0.0          0.0
G0903W10593-11     775036       40                785         35.0          0.0          0.0
G0902W30659-11     753737        5               1282          8.0          4.0          0.0
G0902W30659-11     753737       10               1282          8.0          4.0          0.0
G0902W30659-11     753736       10               1282          8.0          4.0          0.0
G0902W30659-11     753736       12               1282          4.0          0.0          0.0
G0902W30659-11     753735       10               1282          8.0          0.0          0.0
G0902W30659-11     753733       10               1282          8.0          0.0          0.0
G0902W30659-11     753732       10               1282          8.0          0.0          0.0
G0902W30659-11     753731       10               1282          8.0          0.0          0.0
G0902W30659-11     753731       20               1282          8.0          0.0          0.0
WO08120813         797851        5               1416         10.0          0.0          0.0
WO08120813         797851       10               1416         10.0          0.0          0.0
WO08120813         797851       15               1416         10.0          0.0          0.0
WO08120813         797851       20               1416         10.0          0.0          0.0
WO08120813         797851       46               1416         10.0          0.0          0.0
WO08120813         797850       48               1416         10.0          0.0          0.0
WO08120813         797849       53               1416         10.0          0.0          0.0
WO08120813         797849       54               1416         10.0          0.0          0.0
WO08120813         797849       55               1416         10.0          0.0          0.0
WO08120813         797849       60               1416         10.0          0.0          0.0
WO08120813         797849       65               1416         10.0          0.0          0.0
WO08120813         797849       70               1416         10.0          0.0          0.0
WO08120813         797849       73               1416         10.0          0.0          0.0
WO08120813         797849       75               1416         10.0          0.0          0.0
WO08120813         797849       80               1416         10.0          0.0          0.0
WO08120813         797849       82               1416         10.0          0.0          0.0
WO08120813         797728       42               1416         10.0          0.0          0.0
WO08120813         797727        5               1416         10.0          0.0          0.0
WO08120813         797727       10               1416         10.0          0.0          0.0
WO08120813         797727       15               1416         10.0          0.0          0.0
WO08120813         797727       20               1416         10.0          0.0          0.0
WO08120813         797727       46               1416         10.0          0.0          0.0
WO08120813         797726       48               1416         10.0          0.0          0.0
WO08120813         797725       53               1416         10.0          0.0          0.0
WO08120813         797725       54               1416         10.0          0.0          0.0
WO08120813         797725       55               1416         10.0          0.0          0.0
WO08120813         797725       60               1416         10.0          0.0          0.0
WO08120813         797725       65               1416         10.0          0.0          0.0
WO08120813         797725       70               1416         10.0          0.0          0.0
WO08120813         797725       73               1416         10.0          0.0          0.0
WO08120813         797725       75               1416         10.0          0.0          0.0
WO08120813         797725       80               1416         10.0          0.0          0.0
WO08120813         797725       82               1416         10.0          0.0          0.0
WO08120813         752636       40               1416         34.0          0.0          0.0
WO08120813         752635       42               1416         34.0          0.0          0.0
WO08120813         752634        5               1416         34.0          0.0          0.0
WO08120813         752634       10               1416         34.0          0.0          0.0
WO08120813         752634       15               1416         34.0          0.0          0.0
WO08120813         752634       20               1416         34.0          0.0          0.0
WO08120813         752634       46               1416         34.0          0.0          0.0
WO08120813         752633       48               1416         34.0          0.0          0.0
WO08120813         752632       53               1416         34.0          0.0          0.0
WO08120813         752632       54               1416         34.0          0.0          0.0
WO08120813         752632       55               1416         34.0          0.0          0.0
WO08120813         752632       60               1416         34.0          0.0          0.0
WO08120813         752632       65               1416         34.0          0.0          0.0
WO08120813         752632       70               1416         34.0          0.0          0.0
WO08120813         752632       73               1416         34.0          0.0          0.0
WO08120813         752632       75               1416         34.0          0.0          0.0
WO08120813         752632       80               1416         34.0          0.0          0.0
WO08120813         752632       82               1416         34.0          0.0          0.0
wo08120813         697075       20               1416         68.0          0.0          0.0
wo08120813         697074       23               1416         68.0          0.0          0.0
wo08120813         697072       40               1416         34.0          0.0          0.0
wo08120813         697071       42               1416         34.0          0.0          0.0
wo08120813         697070        5               1416         24.0          0.0          0.0
wo08120813         697070       10               1416         24.0          0.0          0.0
wo08120813         697070       15               1416         24.0          0.0          0.0
wo08120813         697070       20               1416         34.0          0.0          0.0
wo08120813         697070       46               1416         34.0          0.0          0.0
wo08120813         697069       48               1416         34.0          0.0          0.0
wo08120813         697068       53               1416         34.0          0.0          0.0
wo08120813         697068       54               1416         34.0          0.0          0.0
wo08120813         697068       55               1416         34.0          0.0          0.0
wo08120813         697068       60               1416         34.0          0.0          0.0
wo08120813         697068       65               1416         34.0          0.0          0.0
wo08120813         697068       70               1416         34.0          0.0          0.0
wo08120813         697068       73               1416         34.0          0.0          0.0
wo08120813         697068       75               1416         34.0          0.0          0.0
wo08120813         697068       80               1416         34.0          0.0          0.0
wo08120813         697068       82               1416         34.0          0.0          0.0
G0902A00106-11     770877        1               1425         19.0         19.0          0.0
G0902A00106-11     770877        5               1425         19.0          0.0          0.0
G0902A00106-11     770876       10               1425         20.0          0.0          0.0
G0902A00106-11     770876       15               1425         20.0          0.0          0.0
G0902A00106-11     770876       20               1425         20.0          0.0          0.0
G0902A00106-11     770876       25               1425         20.0          0.0          0.0
G0902A00106-11     770876       32               1425         20.0          0.0          0.0
G0902A00106-11     770876       33               1425         20.0          0.0          0.0
G0902A00106-11     770876       40               1425         20.0          0.0          0.0
G0902A00106-11     770876       45               1425         20.0          0.0          0.0
G0902A00106-11     770876       50               1425         20.0          0.0          0.0
G0904W10995-11     810394        5               1499         20.0         20.0          0.0
G0904W10995-11     810393       10               1499         20.0         19.0          1.0
G0904W10995-11     810392       15               1499         20.0         19.0          0.0
G0904W10995-11     810391        5               1499         20.0          0.0          0.0
G0904W10995-11     810391       10               1499         20.0          0.0          0.0
G0904W10995-11     810390       25               1499         20.0          0.0          0.0
G0904W10995-11     810390       35               1499         20.0          0.0          0.0
G0904W10995-11     810390       40               1499         20.0          0.0          0.0
G0904W10995-11     810389       45               1499         20.0          0.0          0.0
G0904W10995-11     810388       50               1499         20.0          0.0          0.0
G0904W10995-11     810388       55               1499         20.0          0.0          0.0
G0904W10995-11     810388       60               1499         20.0          0.0          0.0
G0904W10995-11     810388       65               1499         20.0          0.0          0.0
G0904W10995-11     810388       70               1499         20.0          0.0          0.0
G0903W30509-11     783657        5               1744         24.0         24.0          0.0
G0903W30509-11     783657        7               1744         21.0          0.0          0.0
G0903W30509-11     783656       10               1744         24.0          0.0          0.0
G0903W30509-11     783654       25               1744         24.0          0.0          0.0
G0903W30509-11     783654       30               1744         24.0          0.0          0.0
G0903W30509-11     783654       35               1744         24.0          0.0          0.0
G0904W10110-11     811116        5               1895         14.0         14.0          0.0
G0904W10110-11     811113        5               1895         13.0         13.0          1.0
G0904W10110-11     811113       10               1895         13.0         13.0          0.0
G0904W10110-11     811113       15               1895         13.0         13.0          0.0
G0904W10110-11     811111       15               1895         13.0         13.0          0.0
G0904W10110-11     811109       20               1895         13.0          0.0          0.0
G0904W10110-11     811108       30               1895         13.0          0.0          0.0
G0904W10110-11     811108       35               1895         13.0          0.0          0.0
G0904W10110-11     811108       40               1895         13.0          0.0          0.0
G0904W10110-11     811107       45               1895         13.0          0.0          0.0
G0904W10110-11     811103       55               1895         13.0          0.0          0.0
G0904W10110-11     811103       60               1895         13.0          0.0          0.0
G0904W10110-11     811103       65               1895         13.0          0.0          0.0
G0904W10110-11     811103       70               1895         13.0          0.0          0.0
G0904W10110-11     811103       75               1895         13.0          0.0          0.0
G0904W10123-11     811326        5               1980          8.0          8.0          0.0
G0904W10123-11     811325        5               1980          8.0          7.0          1.0
G0904W10123-11     811325       10               1980          7.0          7.0          0.0
G0904W10123-11     811325       15               1980          7.0          7.0          0.0
G0904W10123-11     811324       15               1980          8.0          0.0          0.0
G0904W10123-11     811323       20               1980          8.0          0.0          0.0
G0904W10123-11     811322       30               1980          8.0          0.0          0.0
G0904W10123-11     811322       35               1980          8.0          0.0          0.0
G0904W10123-11     811322       40               1980          8.0          0.0          0.0
G0904W10123-11     811321       45               1980          8.0          0.0          0.0
G0904W10123-11     811320       55               1980          8.0          0.0          0.0
G0904W10123-11     811320       60               1980          8.0          0.0          0.0
G0904W10123-11     811320       65               1980          8.0          0.0          0.0
G0904W10123-11     811320       70               1980          8.0          0.0          0.0
G0904W10123-11     811320       75               1980          8.0          0.0          0.0
G0902A00247-11     792602       10               1992         12.0         12.0          0.0
G0902A00247-11     792602       15               1992         12.0         10.0          2.0
G0902A00247-11     792601       16               1992         12.0         10.0          0.0
G0902A00247-11     792601       17               1992         12.0         10.0          0.0
G0902A00247-11     792601       20               1992         12.0         10.0          0.0
G0902A00247-11     792601       25               1992         12.0          2.0          0.0
G0902A00247-11     792601       26 D             1992         12.0          0.0          0.0
G0902A00247-11     792601       27 D             1992         12.0          0.0          0.0
G0902A00247-11     792601       30               1992         12.0          0.0          2.0
G0902A00247-11     792601       36               1992         10.0          0.0          0.0
G0903W40856-11     784337        5               2080         24.0         24.0          0.0
G0903W40856-11     784336        5               2080         24.0         23.0          1.0
G0903W40856-11     784336       10               2080         23.0         23.0          0.0
G0903W40856-11     784336       15               2080         23.0         23.0          0.0
G0903W40856-11     784335       20               2080         24.0         23.0          0.0
G0903W40856-11     784335       25               2080         24.0          0.0          0.0
G0903W40856-11     784335       30               2080         24.0          0.0          0.0
G0903W40855-11     784340        5               2100         24.0         24.0          0.0
G0903W40855-11     784339        5               2100         24.0         22.0          2.0
G0903W40855-11     784339       10               2100         22.0         22.0          0.0
G0903W40855-11     784339       15               2100         22.0         22.0          0.0
G0903W40855-11     784338       20               2100         24.0         22.0          0.0
G0903W40855-11     784338       25               2100         24.0         22.0          0.0
G0903W40855-11     784338       30               2100         24.0         22.0          0.0
G0812W00610-11     833420        5               2366         18.0         18.0          0.0
G0812W00610-11     833419        5               2366         18.0         10.0          1.0
G0812W00610-11     833419       10               2366         17.0          0.0          0.0
G0812W00610-11     833419       14               2366         17.0          0.0          0.0
G0812W00610-11     833418       20               2366         18.0          0.0          0.0
G0812W00610-11     833417       25               2366         18.0          0.0          0.0
G0812W00610-11     833416       30               2366         18.0          0.0          0.0
G0812W00610-11     833416       34               2366         18.0          0.0          0.0
G0812W00610-11     833415       40               2366         18.0          0.0          0.0
G0812W00610-11     833415       45               2366         18.0          0.0          0.0
G0812W00610-11     833415       50               2366         18.0          0.0          0.0
G0812W00610-11     833415       55               2366         18.0          0.0          0.0
G0812W00610-11     833415       60               2366         18.0          0.0          0.0
G0812W00610-11     833415       64               2366         18.0          0.0          0.0
G0812W00610-11     833415       65               2366         18.0          0.0          0.0
G0812W00610-11     833415       70               2366         18.0          0.0          0.0
G0812W00610-11     833415       75               2366         18.0          0.0          0.0
G0902S00188-71     835131       30               2402         57.0         57.0          0.0
G0902S00188-71     835125       30               2402          9.0          9.0          0.0
G0902S00188-71     738456       10               2402         62.0          0.0          0.0
G0902S00188-71     738456       30               2402         62.0          0.0          0.0
G0904W20949-11     816049        5               2514          6.0          6.0          0.0
G0904W20949-11     816048       10               2514          6.0          5.0          1.0
G0904W20949-11     816047       13               2514          6.0          0.0          0.0
G0904W20949-11     816046       15               2514          6.0          0.0          0.0
G0904W20949-11     816045       20               2514          6.0          0.0          0.0
G0904W20949-11     816044       25               2514          6.0          0.0          0.0
G0904W20949-11     816038       30               2514          6.0          0.0          0.0
G0904W20949-11     816038       35               2514          6.0          0.0          0.0
G0904W20949-11     816038       40               2514          6.0          0.0          0.0
G0904W30306-11     831780        3               2587         18.0         18.0          0.0
G0904W30306-11     831779        5               2587         18.0         13.0          1.0
G0904W30306-11     831779       10               2587         17.0          0.0          0.0
G0904W30306-11     831778        7               2587         18.0          0.0          0.0
G0904W30306-11     831777       10               2587         18.0          0.0          0.0
G0904W30306-11     831776       15               2587         18.0          0.0          0.0
G0904W30306-11     831775       20               2587         18.0          0.0          0.0
G0904W30306-11     831773       24               2587         18.0          0.0          0.0
G0904W30306-11     831773       25               2587         18.0          0.0          0.0
G0904W30306-11     831773       30               2587         18.0          0.0          0.0
G0904W30306-11     831773       35               2587         18.0          0.0          0.0
G0904W30306-11     831773       40               2587         18.0          0.0          0.0
G0904W30306-11     831773       45               2587         18.0          0.0          0.0
G0904W30306-11     831773       50               2587         18.0          0.0          0.0
G0904W30306-11     831773       55               2587         18.0          0.0          0.0
G0904W31118-11     833333        3               2635          8.0          8.0          0.0
G0904W31118-11     833332        5               2635          8.0          7.0          1.0
G0904W31118-11     833330        5               2635          8.0          7.0          0.0
G0904W31118-11     833330       10               2635          8.0          0.0          0.0
G0904W31118-11     833329       13               2635          8.0          0.0          0.0
G0904W31118-11     833328       15               2635          8.0          0.0          0.0
G0904W31118-11     833326       20               2635          8.0          0.0          0.0
G0904W31118-11     833324        5               2635          8.0          0.0          0.0
G0904W31118-11     833324       10               2635          8.0          0.0          0.0
G0904W31118-11     833316       29               2635          8.0          0.0          0.0
G0904W31118-11     833316       30               2635          8.0          0.0          0.0
G0904W31118-11     833316       35               2635          8.0          0.0          0.0
G0904W31118-11     833316       40               2635          8.0          0.0          0.0
G0904W31118-11     833316       45               2635          8.0          0.0          0.0
G0904W31118-11     833316       55               2635          8.0          0.0          0.0
G0904W31118-11     833316       58               2635          8.0          0.0          0.0
G0904W31118-11     833316       60               2635          8.0          0.0          0.0
G0904W11440-22     839786        5               2640         20.0         20.0          0.0
G0904W11440-22     839785       10               2640         20.0         19.0          1.0
G0904W11440-22     839785       20               2640         19.0         19.0          0.0
G0904W11440-22     839784       25               2640         20.0          6.0          0.0
G0904W11440-22     839783       40               2640         20.0          0.0          0.0
G0904W11440-22     839783       41               2640         20.0          0.0          0.0
G0904W11440-22     839782       42               2640         20.0          0.0          0.0
G0904W11440-22     839781        5               2640         20.0          0.0          0.0
G0904W11440-22     839781       10               2640         20.0          0.0          0.0
G0904W11440-22     839781       15               2640         20.0          0.0          0.0
G0904W11440-22     839781       20               2640         20.0          0.0          0.0
G0904W11440-22     839781       46               2640         20.0          0.0          0.0
G0904W11440-22     839780       48               2640         20.0          0.0          0.0
G0904W11440-22     839779       53               2640         20.0          0.0          0.0
G0904W11440-22     839779       54               2640         20.0          0.0          0.0
G0904W11440-22     839779       55               2640         20.0          0.0          0.0
G0904W11440-22     839779       60               2640         20.0          0.0          0.0
G0904W11440-22     839779       65               2640         20.0          0.0          0.0
G0904W11440-22     839779       70               2640         20.0          0.0          0.0
G0904W11440-22     839779       73               2640         20.0          0.0          0.0
G0904W11440-22     839779       75               2640         20.0          0.0          0.0
G0904W11440-22     839779       80               2640         20.0          0.0          0.0
G0904W11440-22     839779       82               2640         20.0          0.0          0.0
G0902W10129-11     846233       42               2913          1.0          1.0          0.0
G0902W10129-11     846232       44               2913          1.0          0.0          0.0
G0902W10129-11     846232       45               2913          1.0          0.0          0.0
G0902W10129-11     742090        5               2913         14.0          0.0          0.0
G0902W10129-11     742089       10               2913         14.0          0.0          0.0
G0902W10129-11     742088        5               2913         14.0          0.0          0.0
G0902W10129-11     742088       10               2913         14.0          0.0          0.0
G0902W10129-11     742087       20               2913         14.0          0.0          0.0
G0902W10129-11     742086       25               2913         14.0          0.0          0.0
G0902W10129-11     742085       35               2913         14.0          0.0          0.0
G0902W10129-11     742085       38               2913         13.0          0.0          0.0
G0902W10129-11     742085       40               2913         14.0          0.0          0.0
G0904W31170-11     834703        5               3127          6.0          6.0          0.0
G0904W31170-11     834703       10               3127          6.0          5.0          1.0
G0904W31170-11     834703       15               3127          5.0          0.0          0.0
G0904W31170-11     834702        5               3127          6.0          0.0          0.0
G0904W31170-11     834702       10               3127          6.0          0.0          0.0
G0904W31170-11     834701       15               3127          6.0          0.0          0.0
G0904W31170-11     834700       30               3127          6.0          0.0          0.0
G0904W31170-11     834700       35               3127          6.0          0.0          0.0
G0904W31170-11     834700       40               3127          6.0          0.0          0.0
G0904W31170-11     834700       45               3127          6.0          0.0          0.0
G0904W31170-11     834700       50               3127          6.0          0.0          0.0
G0904W31170-11     834700       55               3127          6.0          0.0          0.0
G0904S00554-11     806167       10               3132         26.0         26.0          0.0
G0904S00554-11     806166        5               3132         26.0         25.0          1.0
G0904S00554-11     806166       10               3132         25.0          0.0          0.0
G0904S00554-11     806165       25               3132         26.0          0.0          0.0
G0904S00554-11     806165       30               3132         26.0          0.0          0.0
G0904A20071-01     844610        5               3158         31.0         31.0          0.0
G0904A20071-01     844609       10               3158         31.0         11.0          1.0
G0904A20071-01     844606       15               3158         31.0          0.0          0.0
G0904A20071-01     844606       18               3158         31.0          0.0          0.0
G0904A20071-01     844606       20               3158         31.0          0.0          0.0
G0904A20071-01     844606       22               3158         31.0          0.0          0.0
G0904A20071-01     844606       23               3158         31.0          0.0          0.0
G0904A20071-01     844606       25               3158         31.0          0.0          0.0
G0904A20071-01     844606       30               3158         31.0          0.0          0.0
G0904A20071-01     844606       35               3158         31.0          0.0          0.0
G0904A20071-01     844606       40               3158         31.0          0.0          0.0
