帐户;分帐户;成本中心;金额
100101;;41;-5000
100101;;45;-325
100101;;46;-4009.5
100101;;48;-346311.36
100101;;53;674405.1
100101;;54;-280292.36
100101;;56;-569
100101;;58;-37401
100102;;52;-2737.41
100102;;53;22080.02
100103;;41;-23237.52
100103;;45;-28081.6
100103;;52;-36341.52
100103;;53;152177.35
100103;;58;-59408.04
10011;;11;0
10011;;12;0
10011;;14;0
10011;;16;0
10011;;17;0
10011;;21;0
10011;;22;0
10011;;23;0
10011;;31;0
10011;;32;0
10011;;33;0
10011;;34;0
10011;;35;0
10011;;36;0
10011;;41;0
10011;;42;0
10011;;43;0
10011;;44;0
10011;;45;0
10011;;46;0
10011;;47;0
10011;;51;0
10011;;52;0
10011;;53;0
10011;;54;0
10011;;55;0
10011;;56;0
10011;;57;0
10011;;58;0
10011;;59;0
10011;;60;0
10012;;;0
10012;;17;0
10012;;31;0
10012;;41;0
10012;;43;0
10012;;45;0
10012;;51;0
10012;;52;0
10012;;53;0
10012;;56;0
10012;;58;0
10012;;60;0
10013;;;0
10013;;43;0
10013;;53;0
10020101;20000001;44;-1568482.69
10020101;20000001;46;-261000
10020101;20000001;48;-9355
10020101;20000001;52;-4819959.63
10020101;20000001;53;27332245.04
10020101;20000001;54;-2020977.47
10020101;20000001;58;-3975
10020101;20000001;60;-373231.58
10020102;20000002;11;-6555.56
10020102;20000002;13;-3232
10020102;20000002;14;-3756
10020102;20000002;15;-60
10020102;20000002;16;-1272
10020102;20000002;17;-4153
10020102;20000002;21;-6349.69
10020102;20000002;22;-6099.55
10020102;20000002;23;-2758
10020102;20000002;31;-1396
10020102;20000002;32;-17739
10020102;20000002;33;-1900
10020102;20000002;34;-1950
10020102;20000002;35;-2294
10020102;20000002;36;-2187
10020102;20000002;37;-5976
10020102;20000002;38;-3506
10020102;20000002;41;-53829.25
10020102;20000002;42;-18512
10020102;20000002;43;-22563.36
10020102;20000002;44;-11994
10020102;20000002;45;-63135.18
10020102;20000002;46;-93364.91
10020102;20000002;48;-95114.71
10020102;20000002;51;-75751.8
10020102;20000002;52;-96178.54
10020102;20000002;53;7334572.38
10020102;20000002;54;-5935425.28
10020102;20000002;56;-5003
10020102;20000002;57;-55607.4
10020102;20000002;58;-58689.8
10020102;20000002;60;-348380.11
10020102;20000003;43;-938002.27
10020102;20000003;45;-8988.91
10020102;20000003;52;-113760890.94
10020102;20000003;53;132928814.6
10020102;20000003;56;-6552392.56
10020102;20000003;60;-3370000
10020102;20000004;14;-7254
10020102;20000004;15;-1915.88
10020102;20000004;17;-28600
10020102;20000004;21;-61494.2
10020102;20000004;22;-42548.15
10020102;20000004;23;-53484.54
10020102;20000004;31;-90923.06
10020102;20000004;32;-22932
10020102;20000004;33;-12545.03
10020102;20000004;36;-10003.5
10020102;20000004;38;-21806.96
10020102;20000004;41;-1520974.4
10020102;20000004;42;-233313
10020102;20000004;43;-3281193.95
10020102;20000004;44;-1228205.22
10020102;20000004;45;-444.96
10020102;20000004;46;-1143042.15
10020102;20000004;48;-361720.55
10020102;20000004;51;-62798154.13
10020102;20000004;52;-8707538.41
10020102;20000004;53;108221841.5
10020102;20000004;54;-893487.42
10020102;20000004;56;0
10020102;20000004;57;-312975.73
10020102;20000004;58;-48206.99
10020102;20000004;60;-24984024.01
10020102;20000005;51;-8014503.6
10020102;20000005;53;8411679.15
10020102;20000006;52;-210770.09
10020102;20000006;53;1907610.56
10020102;20000006;54;-1569323.68
10020102;20000007;53;122297.21
1002011;;;0
1002011;;11;0
1002011;;12;0
1002011;;13;0
1002011;;14;0
1002011;;15;0
1002011;;16;0
1002011;;17;0
1002011;;21;0
1002011;;22;0
1002011;;23;0
1002011;;31;0
1002011;;32;0
1002011;;33;0
1002011;;34;0
1002011;;35;0
1002011;;36;0
1002011;;41;0
1002011;;43;0
1002011;;44;0
1002011;;45;0
1002011;;46;0
1002011;;51;0
1002011;;52;0
1002011;;53;0
1002011;;54;0
1002011;;55;0
1002011;;56;0
1002011;;57;0
1002011;;58;0
1002011;;59;0
1002011;;60;0
1002012;;;0
1002012;;33;0
1002012;;36;0
1002012;;41;0
1002012;;43;0
1002012;;46;0
1002012;;51;0
1002012;;52;0
1002012;;53;0
1002012;;56;0
1002012;;58;0
1002012;;60;0
1002013;;;0
1002013;;41;0
1002013;;43;0
1002013;;45;0
1002013;;51;0
1002013;;52;0
1002013;;53;0
1002013;;54;0
1002013;;56;0
1002013;;60;0
100202;;;0
100202;;52;0
100202;;53;0
10020202;20000001;51;-78761.65
10020202;20000001;52;-11667813.11
10020202;20000001;53;12021827.58
10020202;20000003;52;-6065552.5
10020202;20000003;53;6077928.86
10020202;20000003;60;-26367.04
10020202;20000007;53;57.35
10020203;20000001;53;37.2
10020203;20000003;53;1034.25
100203;;11;0
100203;;12;0
100203;;15;0
100203;;16;0
100203;;17;0
100203;;21;0
100203;;22;0
100203;;23;0
100203;;31;0
100203;;32;0
100203;;33;0
100203;;34;0
100203;;35;0
100203;;36;0
100203;;41;0
100203;;42;0
100203;;43;0
100203;;44;0
100203;;45;0
100203;;46;0
100203;;51;0
100203;;52;0
100203;;53;0
100203;;54;0
100203;;55;0
100203;;56;0
100203;;57;0
100203;;58;0
100203;;60;0
10020302;20000001;53;24565.71
100204;;;0
100204;;11;0
100204;;12;0
100204;;13;0
100204;;14;0
100204;;15;0
100204;;16;0
100204;;17;0
100204;;21;0
100204;;22;0
100204;;23;0
100204;;31;0
100204;;32;0
100204;;33;0
100204;;34;0
100204;;35;0
100204;;36;0
100204;;41;0
100204;;42;0
100204;;43;0
100204;;44;0
100204;;45;0
100204;;46;0
100204;;47;0
100204;;51;0
100204;;52;0
100204;;53;0
100204;;54;0
100204;;55;0
100204;;56;0
100204;;57;0
100204;;58;0
100204;;60;0
100205;;;0
100205;;52;0
100205;;53;0
100205;;54;0
100206;;11;0
100206;;12;0
100206;;13;0
100206;;14;0
100206;;15;0
100206;;16;0
100206;;17;0
100206;;21;0
100206;;22;0
100206;;23;0
100206;;31;0
100206;;32;0
100206;;33;0
100206;;34;0
100206;;35;0
100206;;36;0
100206;;41;0
100206;;42;0
100206;;43;0
100206;;44;0
100206;;45;0
100206;;46;0
100206;;51;0
100206;;52;0
100206;;53;0
100206;;54;0
100206;;55;0
100206;;56;0
100206;;57;0
100206;;58;0
100206;;60;0
100207;;31;0
100207;;41;0
100207;;43;0
100207;;45;0
100207;;51;0
100207;;52;0
100207;;53;0
100207;;56;0
100207;;58;0
100207;;60;0
1002081;;53;0
1002082;;53;0
1002091;;53;0
1002092;;53;0
1002101;;53;0
1002102;;53;0
100211;;52;0
100211;;53;0
100211;;56;0
1009101;;53;0
1009103;;53;0
1009201;;53;0
1009202;;53;0
1009301;;53;0
1009302;;53;0
1009303;;53;0
1009401;;53;0
101201;20000003;53;51608
101203;20000003;53;682039
101203;20000005;53;887438
101205;20000003;53;3000000
101207;20000003;53;0
1111;604002;;0
11220101;30000001;;26553.93
11220101;30000003;;17103068.29
11220101;30000004;;1155758.8
11220101;30000005;;3603306.98
11220101;30000006;;21575.31
11220101;30000009;;20798.68
11220101;30010001;;25943.05
11220101;30020003;;5804106.36
11220101;30020004;;4673694.59
11220101;30020005;;322773.75
11220101;30020006;;992011.14
11220102;30000003;;96881283.03
11220102;30000004;;0
11220102;30000005;;70615532.8
11220102;30000007;;5924250.75
11220102;30000010;;5616701.72
11220102;30020003;;363053.33
11220102;30020004;;4913053.01
11220201;30000002;;4378817.33
11220201;30030001;;31059.29
11220201;30030003;;3069510.48
11220201;30030004;;64015.81
11220201;30030005;;-1654.38
11220201;30030006;;-58936.85
11220201;30030008;;624191.95
11220201;30030009;;456.24
11220202;30000002;;5992454.37
11220202;30030001;;35680.08
11220202;30030003;;3607463.13
11220202;30030004;;2305270.95
11220202;30030006;;672211.45
11220202;30030008;;158622.38
11220202;30030009;;1933.28
112301;35030154;;45000
112311;;;168915.2
112312;;;53878.99
112313;;;148744.25
113111;601001;;0
113111;601003;;0
113111;601004;;0
113111;601005;;0
113111;601006;;0
113111;601009;;0
113111;601011;;0
113111;603001;;0
113111;604002;;0
113111;607001;;0
113111;608001;;0
113111;608002;;0
113111;608003;;0
113112;601002;;0
113112;609002;;0
113112;609004;;0
113112;609005;;0
113112;609006;;0
113112;609007;;0
113112;609008;;0
113112;609010;;0
113112;609011;;0
113121;601003;;0
113121;601004;;0
113121;601005;;0
113121;601009;;0
113121;604002;;0
113121;607001;;0
113121;608001;;0
113121;608002;;0
113122;601002;;0
113122;609002;;0
113122;609004;;0
113122;609005;;0
113122;609006;;0
113122;609007;;0
113122;609008;;0
113122;609010;;0
113122;609011;;0
113311;3001;;0
113311;3002;;0
113311;3003;;0
113311;3004;;0
113311;3005;;0
113311;3006;;0
113311;3007;;0
113311;3009;;0
113311;3010;;0
113311;3011;;0
113311;3012;;0
113311;3013;;0
113311;3014;;0
113311;3015;;0
113311;3016;;0
113311;3018;;0
113311;3019;;0
113311;3020;;0
113311;3021;;0
113311;3022;;0
113311;3023;;0
113311;3024;;0
113311;3025;;0
113311;3027;;0
113311;3028;;0
113311;3029;;0
113311;3031;;0
113311;3032;;0
113311;3035;;0
113311;3037;;0
113311;3041;;0
113311;3042;;0
113311;3043;;0
113311;3044;;0
113311;3045;;0
113311;3047;;0
113311;3048;;0
113311;3049;;0
113311;3050;;0
113311;3051;;0
113311;3052;;0
113311;3053;;0
113311;3054;;0
113311;3055;;0
113311;3058;;0
113311;3059;;0
113311;3060;;0
113311;3061;;0
113311;3062;;0
113311;3063;;0
113311;3064;;0
113311;3065;;0
113311;3066;;0
113311;3067;;0
113311;3068;;0
113311;3069;;0
113311;3072;;0
113311;3073;;0
113311;3075;;0
113311;3076;;0
113311;3077;;0
113311;3078;;0
113311;3081;;0
113311;3083;;0
113311;3084;;0
113311;3086;;0
113311;3087;;0
113311;3088;;0
113311;3090;;0
113311;3091;;0
113311;3092;;0
113311;3093;;0
113311;3094;;0
113311;3095;;0
113311;3096;;0
113311;3098;;0
113311;3099;;0
113311;3100;;0
113311;3101;;0
113311;3102;;0
113311;3103;;0
113311;3104;;0
113311;3105;;0
113311;3106;;0
113311;3107;;0
113311;3108;;0
113311;3109;;0
113311;3110;;0
113311;3111;;0
113311;3112;;0
113311;3113;;0
113311;3114;;0
113311;3115;;0
113311;3116;;0
113311;3117;;0
113311;3118;;0
113311;3119;;0
113311;3120;;0
113311;3121;;0
113311;3122;;0
113311;3123;;0
113311;3124;;0
113311;3125;;0
113311;3126;;0
113311;3127;;0
113311;3128;;0
113311;3129;;0
113311;3130;;0
113311;3131;;0
113311;3132;;0
113311;3133;;0
113311;3134;;0
113311;3135;;0
113311;3136;;0
113311;3137;;0
113311;3138;;0
113311;3139;;0
113311;3140;;0
113311;3141;;0
113311;3142;;0
113311;3143;;0
113311;3144;;0
113311;3145;;0
113311;3146;;0
113311;3147;;0
113311;3148;;0
113311;3149;;0
113311;3150;;0
113311;3151;;0
113311;3152;;0
113311;3153;;0
113311;3154;;0
113311;3155;;0
113311;3156;;0
113311;3157;;0
113311;3158;;0
113311;3159;;0
113311;3160;;0
113311;3161;;0
113311;3162;;0
113311;3163;;0
113311;3164;;0
113311;3165;;0
113311;3166;;0
113311;3167;;0
113311;3168;;0
113311;3169;;0
113311;3170;;0
113311;3171;;0
113311;3172;;0
113311;3173;;0
113311;3174;;0
113311;3175;;0
113311;3176;;0
113311;3177;;0
113311;3178;;0
113311;3179;;0
113311;3180;;0
113311;3181;;0
113311;3182;;0
113311;3183;;0
113311;3184;;0
113311;3185;;0
113311;3186;;0
113311;3187;;0
113311;3188;;0
113311;3189;;0
113311;3190;;0
113311;3191;;0
113311;3192;;0
113311;3193;;0
113311;3194;;0
113311;3900;;0
113311;3901;;0
113311;3902;;0
113311;3903;;0
113311;3904;;0
113321;601002;;0
113321;601007;;0
113321;601008;;0
113321;601010;;0
113321;601012;;0
113321;601013;;0
113321;601014;;0
113321;601015;;0
113321;603002;;0
113321;604001;;0
113321;604003;;0
113321;608001;;0
113321;609002;;0
113321;609004;;0
113321;609007;;0
113321;609009;;0
113321;60X001;;0
113321;60X002;;0
113321;60X003;;0
113321;60X004;;0
113321;60X005;;0
113321;60X006;;0
113321;60X007;;0
113321;60X008;;0
113321;60X009;;0
113321;60X010;;0
113321;691036;;0
113321;693048;;0
113322;609002;;0
113322;609003;;0
113322;609004;;0
113322;609005;;0
113322;609006;;0
113322;609007;;0
113322;609010;;0
113322;609011;;0
113322;609012;;0
113322;609013;;0
113322;69Y009;;0
113323;609001;;0
11341101;;;0
11341102;;;0
11341103;;;0
11341104;;;0
11341201;;;0
11341202;;;0
11341203;;;0
11341301;;;0
11341302;;;0
11341303;;;0
11341304;;;0
11341305;;;0
11341306;;;0
11341307;;;0
11341308;;;0
11341309;;;0
11341310;;;0
11341311;;;0
11341312;;;0
11341313;;;0
11341314;;;0
11341315;;;0
11341316;;;0
11341317;;;0
11341318;;;0
11341319;;;0
11341320;;;0
11341321;;;0
11341322;;;0
11341323;;;0
11341324;;;0
11341325;;;0
11341326;;;0
113414;;;0
113415;;;0
113416;;;0
113417;;;0
1134181;;;0
1134182;;;0
1134183;;;0
11411;;;0
11511;691102;;0
11511;697030;;0
11511;69Y009;;0
1201;01;;0
1201;02;;0
1201;03;;0
1201;04;;0
1201;09;;0
12111;01;;0
12111;02;;0
12111;03;;0
12112;01;;0
12112;02;;0
12112;03;;0
12112;04;;0
12113;03;;0
12210101;25000001;;148
12210101;25000002;;9000.01
12210101;25000003;;0
12210101;25000004;;50024.37
12210101;25000005;;0
12210101;25000006;;0
12210101;25000007;;11407.07
12210101;25000008;;29435.13
12210101;25000009;;34652.7
12210101;25000010;;18720
12210101;25000011;;0
12210101;25000012;;6000
12210101;25000013;;7500
12210101;25000014;;20508.09
12210101;25000015;;3000
12210101;25000016;;0
12210101;25000017;;9000
12210101;25000018;;10000
12210101;25000019;;0
12210101;25000020;;40000
12210101;25000022;;0
12210101;25000023;;4000
12210101;25000024;;0
12210101;25000025;;6000
12210101;25000026;;0
12210101;25000027;;0
12210101;25000028;;10100
12210101;25000029;;0
12210101;25000030;;0
12210101;25000032;;0
12210101;25000034;;4000
12210101;25000035;;2225.6
12210101;25000036;;0
12210101;25000037;;0
12210101;25000038;;7200
12210101;25000039;;0
12210101;25000040;;5300
12210101;25000041;;0
12210101;25000043;;550
12210101;25000044;;34281.6
12210101;25000045;;6000
12210101;25000046;;2600
12210101;25000047;;16272.54
12210102;31000002;;25582.76
12210102;31000005;;39674.9
12210102;31000006;;6000
12210102;31000007;;10000
12210102;31000008;;109207.93
12210102;31000009;;0
12210102;31000010;;94296.42
12210102;31000011;;35000
12210102;31000012;;4598.95
12210102;31000013;;0
12210102;31000019;;55000
12210102;31000020;;-32980.61
12210102;31000022;;1905.21
12210102;31000025;;189173.12
12210102;31000026;;2001.6
12210102;31000027;;95000
12210102;31009001;;830508.87
12210102;31009002;;236360.55
12210102;31009004;;455644.84
12210202;31000004;;1876
12210202;31000013;;846369.55
12210202;31000014;;8002.36
12210202;31000015;;0
12210202;31000016;;6755.23
12210202;31000017;;-40570.59
12210202;31000018;;4469.42
12210202;31000021;;131893.33
12210202;31000023;;8140.36
12210202;31000024;;276306.66
12210202;31009003;;259511.6
122111;55010001;;25243210.1
122111;55010002;;187161604.37
122111;55010009;;1388295.54
122112;55000001;;162086052.05
122112;55000002;;47590781.48
122112;55000003;;1847723.48
122112;55000009;;97029969.11
122113;;;-228267587.35
123101;;;-96976.71
12311;;;0
12312;;;0
12313;;;0
12314;;;0
12411;;11;0
12411;;12;0
12411;;13;0
12411;;14;0
12411;;15;0
12411;;16;0
12411;;17;0
12411;;22;0
12411;;23;0
12411;;32;0
12411;;34;0
12411;;35;0
12411;;36;0
12412;;11;0
12412;;12;0
12412;;13;0
12412;;14;0
12412;;15;0
12412;;16;0
12412;;17;0
12412;;22;0
12412;;23;0
12412;;32;0
12412;;34;0
12412;;35;0
12412;;36;0
12413;01;;0
12413;02;;0
12413;03;;0
12414;01;;0
12414;02;;0
12414;03;;0
12419;;;0
12431;50011;;0
12431;50013;;0
12431;50014;;0
12431;50015;;0
12431;50021;;0
12431;50022;;0
12431;50025;;0
12431;50031;;0
12431;50035;;0
12431;50045;;0
12431;50051;;0
12431;50052;;0
12431;50055;;0
12431;50061;;0
12431;50062;;0
12431;50066;;0
12431;50071;;0
12431;50072;;0
12431;50073;;0
12431;50074;;0
12431;50081;;0
12431;50082;;0
12431;50083;;0
12431;50111;;0
12431;50146;;0
12431;50147;;0
12431;50148;;0
12431;52011;;0
12431;52012;;0
12431;52021;;0
12431;52022;;0
12431;52023;;0
12431;52024;;0
12431;52025;;0
12431;52031;;0
12431;52033;;0
12431;52041;;0
12431;52042;;0
12431;52043;;0
12431;52051;;0
12431;52052;;0
12431;52053;;0
12431;52054;;0
12431;52055;;0
12431;52071;;0
12431;52072;;0
12431;52073;;0
12431;52075;;0
12431;52081;;0
12431;52082;;0
12431;52085;;0
12431;52091;;0
12431;52092;;0
12431;52093;;0
12431;52094;;0
12431;52095;;0
12431;52101;;0
12431;52102;;0
12431;52103;;0
12431;52104;;0
12431;52105;;0
12431;54011;;0
12431;54012;;0
12431;54021;;0
12431;54031;;0
12431;54041;;0
12431;54051;;0
12431;54061;;0
12431;54091;;0
12431;54121;;0
12431;54131;;0
12431;54141;;0
12431;54151;;0
12431;54241;;0
12431;56011;;0
12431;56012;;0
12431;56021;;0
12431;56022;;0
12431;56031;;0
12431;56032;;0
12431;56033;;0
12431;56041;;0
12431;56042;;0
12431;58007;;0
12431;58012;;0
12431;58013;;0
12431;58014;;0
12431;58016;;0
12431;58017;;0
12431;58018;;0
12431;58019;;0
12431;58020;;0
12431;58021;;0
12431;58401;;0
12431;58402;;0
12431;58408;;0
12431;58411;;0
12431;58413;;0
12431;58703;;0
12431;58704;;0
12431;58991;;0
12431;58992;;0
12432;50011;;0
12432;50013;;0
12432;50014;;0
12432;50015;;0
12432;50021;;0
12432;50022;;0
12432;50025;;0
12432;50031;;0
12432;50035;;0
12432;50045;;0
12432;50051;;0
12432;50052;;0
12432;50055;;0
12432;50061;;0
12432;50062;;0
12432;50065;;0
12432;50066;;0
12432;50071;;0
12432;50072;;0
12432;50073;;0
12432;50074;;0
12432;50081;;0
12432;50082;;0
12432;50083;;0
12432;50131;;0
12432;50146;;0
12432;50147;;0
12432;50148;;0
12432;52011;;0
12432;52012;;0
12432;52021;;0
12432;52022;;0
12432;52023;;0
12432;52024;;0
12432;52025;;0
12432;52041;;0
12432;52042;;0
12432;52043;;0
12432;52051;;0
12432;52052;;0
12432;52053;;0
12432;52054;;0
12432;52055;;0
12432;52071;;0
12432;52073;;0
12432;52075;;0
12432;52081;;0
12432;52082;;0
12432;52085;;0
12432;52091;;0
12432;52092;;0
12432;52093;;0
12432;52094;;0
12432;52095;;0
12432;52101;;0
12432;52102;;0
12432;52103;;0
12432;52104;;0
12432;52105;;0
12432;54061;;0
12432;54091;;0
12432;54121;;0
12432;54131;;0
12432;54141;;0
12432;54151;;0
12432;58007;;0
12432;58012;;0
12432;58013;;0
12432;58014;;0
12432;58016;;0
12432;58017;;0
12432;58018;;0
12432;58019;;0
12432;58020;;0
12432;58021;;0
12432;58402;;0
12432;58408;;0
12432;58411;;0
12432;58413;;0
12432;58992;;0
1243993;;;0
1243999;;;0
12811;;;0
12813;;;0
12814;;;0
13011001;;;0
13011002;;;0
13011003;;;0
13011004;;;0
13012001;;;0
13012002;;;0
13012004;;;0
13012005;;;0
13012009;;;0
13012010;;;0
13012011;;;0
13012012;;;0
13012013;;;0
13012014;;;0
13012015;;;0
13013002;;;0
13013003;;;0
13013004;;;0
1402;10000002;;0
1402;10000003;;8957020.49
1402;10000004;;2098678.74
140301;10000001;;1921616.8
140301;10000002;;1505093.23
140301;10000003;;493152.44
140302;10000001;;3636139.22
140302;10000002;;6025321.9
140302;10000003;;15168277.75
140302;10000004;;2947612.68
140303;10000003;;1300205.68
140501;15000001;;5926.55
140501;15000002;;944.2
140501;15000003;;9188.64
140501;15000004;;62096.19
140501;15000005;;39196.55
140501;15000006;;147014.77
140501;15000007;;49143.35
140501;15000008;;21289.04
140501;15000009;;90.39
140501;15000010;;90.21
140501;15000011;;9313.13
140501;15000012;;6629.61
140501;15000016;;88408.98
140501;15000017;;102899.02
140501;15000018;;81977.09
140501;15010001;;55778.84
140501;15010002;;57898.7
140501;15010003;;80857.16
140501;15010005;;110750.8
140501;15010006;;102690.31
140501;15010007;;171129.41
140501;15010013;;41131.89
140501;15010014;;41267.36
140501;15010015;;46872.6
140501;15010016;;32293.69
140501;15010017;;54618.56
140501;15010018;;79825.43
140501;15010019;;39028.08
140501;15010020;;78524.82
140501;15010021;;47391.48
140501;15010022;;59241.51
140501;15010032;;0
140501;15010035;;7583.54
140501;15010036;;7422.18
140501;15010039;;27052.48
140501;15010040;;25283.28
140501;15010041;;50769.08
140501;15020001;;0
140501;15020007;;0
140501;15020008;;0
140501;15020009;;185763.27
140501;15020011;;0
140501;15020013;;162516.57
140501;15020014;;193558.79
140501;15020017;;401328.1
140501;15020024;;0
140501;15020026;;0
140501;15020027;;63401.64
140501;15030001;;0
140501;15030002;;0
140501;15030006;;0
140501;15030007;;0
140501;15030008;;0
140501;15030009;;0
140501;15040001;;106956.63
140501;15040002;;0
140501;15040003;;18168.58
140501;15040004;;9755.39
140501;15040005;;135717.11
140501;15040006;;20023.73
140501;15040007;;21308.5
140501;15040008;;0
140501;15040305;;0
140501;15040307;;0
140501;15040309;;0
140501;15040316;;0
140501;15040318;;0
140502;15000001;;0
140502;15000002;;0
140502;15000003;;0
140502;15000004;;0
140502;15000005;;0
140502;15000006;;0
140502;15000007;;0
140502;15000008;;0
140502;15000009;;0
140502;15000010;;0
140502;15000011;;0
140502;15000012;;0
140502;15000016;;0
140502;15000017;;0
140502;15000018;;0
140502;15010001;;0
140502;15010002;;0
140502;15010003;;0
140502;15010005;;0
140502;15010006;;0
140502;15010007;;0
140502;15010013;;0
140502;15010014;;0
140502;15010015;;0
140502;15010016;;0
140502;15010017;;0
140502;15010018;;0
140502;15010019;;0
140502;15010020;;0
140502;15010021;;0
140502;15010022;;0
140502;15010035;;0
140502;15010036;;0
140502;15010039;;0
140502;15010040;;0
140502;15010041;;0
140502;15020009;;0
140502;15020011;;0
140502;15020013;;0
140502;15020014;;0
140502;15020017;;0
140502;15020027;;0
140502;15040001;;0
140502;15040003;;0
140502;15040004;;0
140502;15040005;;0
140502;15040006;;0
140502;15040007;;0
140502;15040305;;0
140502;15040307;;0
140502;15040309;;0
141101;;;1734848.42
141102;;;1260855.48
141103;;;1058057.28
141104;;;2903.98
141105;50000001;;0
141105;50000002;;16239.32
147101;;;-251354.57
147102;;;-115563.15
15011;;;0
15012;;;0
15013;;;0
15014;;;0
15021;;;0
15022;;;0
15023;;;0
15024;;;0
160101;;;44040059.5
160102;;;185487612.55
160103;;;5893952.58
160104;;;11739601.6
160201;;;-17879881.66
160202;;;-78088601
160203;;;-3198564.74
160204;;;-5750503.38
16031001;;;0
16031002;;;0
16031003;;;0
16031004;;;0
16031005;;;0
16031006;;;0
16031007;;;0
16031008;;;0
16031009;;;0
16031010;;;0
16031011;;;0
16031012;;;0
16031013;;;0
16031014;;;0
16032002;;;0
16032012;;;0
16032013;;;0
16032014;;;0
16032015;;;0
16032016;;;0
16032017;;;0
16032018;;;0
16032019;;;0
16032020;;;0
16032026;;;0
16032038;;;0
16032054;;;0
16032055;;;0
16032056;;;0
16032057;;;0
16032058;;;0
16032059;;;0
16032060;;;0
16032061;;;0
16032062;;;0
16032063;;;0
16032064;;;0
16032065;;;0
16032066;;;0
16032067;;;0
16032068;;;0
16032069;;;0
16032070;;;0
16032071;;;0
16032072;;;0
16032073;;;0
16032074;;;0
16032075;;;0
16032076;;;0
16032077;;;0
16032078;;;0
16032079;;;0
16032080;;;0
16032081;;;0
16032082;;;0
16032083;;;0
16032084;;;0
16032085;;;0
16032086;;;0
16032087;;;0
16032088;;;0
16032089;;;0
16032090;;;0
16032091;;;0
16032092;;;0
16032093;;;0
16032094;;;0
16032095;;;0
16032096;;;0
16032097;;;0
16032098;;;0
16032099;;;0
16032100;;;0
16032101;;;0
16032102;;;0
16032103;;;0
16032104;;;0
16032105;;;0
16032106;;;0
16032107;;;0
16032108;;;0
16032109;;;0
16032110;;;0
16032111;;;0
16032112;;;0
16032113;;;0
16032114;;;0
16032115;;;0
16032116;;;0
16032117;;;0
16032118;;;0
16032119;;;0
16032120;;;0
16032121;;;0
16032122;;;0
16032123;;;0
16032124;;;0
16032125;;;0
16032126;;;0
16032127;;;0
16032128;;;0
16032129;;;0
16032130;;;0
16032131;;;0
16032132;;;0
16032133;;;0
16032134;;;0
16032135;;;0
16032136;;;0
16032137;;;0
16032138;;;0
16032139;;;0
16039002;;;0
16039004;;;0
16039005;;;0
16039006;;;0
16039007;;;0
16039008;;;0
160401;40000001;;3952728
160401;40000002;;228000
160401;40000003;;0
160401;40000004;;84000
160401;40000005;;70400
160401;40000006;;0
160402;40010001;;12990
160402;40010002;;0
160402;40010003;;76518
160402;40010004;;0
160402;40010005;;871830
160402;40010006;;20665
160402;40010007;;308651.2
160402;40010008;;141920
160402;40010009;;22297
160402;40010010;;0
160402;40010011;;246636
160402;40010012;;13200
160402;40010013;;371469.22
160402;40010014;;477009
160402;40010015;;27333
160402;40010016;;1035000
160409;40090001;;42000
160409;40090002;;40449.6
160409;40090003;;261000
160601;;;0
160602;;;0
160603;;;0
160604;;;0
170101;;;10313716.08
170102;45000001;;380416.79
170102;45000002;;56620.77
170102;45000003;;373500
170102;45000004;;103185.76
170102;45000005;;48600
170102;45000006;;145962
170102;45000007;;216546.63
170102;45000008;;173442.5
170102;45000009;;701372
170102;45000010;;139586.68
170103;45010001;;661307.5
170104;45020001;;246856.74
170104;45020002;;118671.6
170104;45020003;;209589.21
170104;45020004;;136483.88
170104;45020005;;353674.35
170104;45020006;;132261.5
170104;45020007;;82893.12
17011;;;0
17012;;;0
17013;;;0
17014;;;0
18011;;;0
18012001;;;0
18012002;;;0
18012003;;;0
18012004;;;0
18012005;;;0
18012006;;;0
18012007;;;0
18012008;;;0
18012009;;;0
18012010;;;0
18013001;;;0
18013002;;;0
18014002;;;0
18014003;;;0
18014004;;;0
18014005;;;0
18014006;;;0
18014007;;;0
18014008;;;0
18014009;;;0
18014010;;;0
18014011;;;0
18014012;;;0
1811;;;163737.83
19012;;;0
19013;;;0
200101;20000001;;-20000000
200101;20000003;;-50000000
200101;20000004;;0
200102;20000007;;-56152000
2101011;;;0
2101021;;;0
2101031;;;0
2101041;;;0
2101051;;;0
2101061;;;0
2101071;;;0
2101081;;;0
2111;691020;;0
2111;698002;;0
2111;698023;;0
2111;698036;;0
212111;691001;;0
212111;691002;;0
212111;691003;;0
212111;691004;;0
212111;691008;;0
212111;691009;;0
212111;691010;;0
212111;691012;;0
212111;691013;;0
212111;691015;;0
212111;691016;;0
212111;691017;;0
212111;691018;;0
212111;691020;;0
212111;691021;;0
212111;691022;;0
212111;691023;;0
212111;691024;;0
212111;691025;;0
212111;691026;;0
212111;691028;;0
212111;691029;;0
212111;691031;;0
212111;691032;;0
212111;691033;;0
212111;691035;;0
212111;691036;;0
212111;691037;;0
212111;691038;;0
212111;691039;;0
212111;691040;;0
212111;691041;;0
212111;691042;;0
212111;691044;;0
212111;691045;;0
212111;691046;;0
212111;691047;;0
212111;691048;;0
212111;691049;;0
212111;691050;;0
212111;691051;;0
212111;691052;;0
212111;691053;;0
212111;691054;;0
212111;691055;;0
212111;691056;;0
212111;691059;;0
212111;691060;;0
212111;691061;;0
212111;691063;;0
212111;691064;;0
212111;691067;;0
212111;691068;;0
212111;691070;;0
212111;691074;;0
212111;691075;;0
212111;691076;;0
212111;691077;;0
212111;691078;;0
212111;691079;;0
212111;691080;;0
212111;691081;;0
212111;691083;;0
212111;691085;;0
212111;691086;;0
212111;691087;;0
212111;691088;;0
212111;691090;;0
212111;691092;;0
212111;691093;;0
212111;691095;;0
212111;691096;;0
212111;691097;;0
212111;691098;;0
212111;691099;;0
212111;691100;;0
212111;691101;;0
212111;691102;;0
212111;691103;;0
212111;691104;;0
212111;691105;;0
212111;691106;;0
212111;691107;;0
212111;691108;;0
212111;691109;;0
212111;691110;;0
212111;691111;;0
212111;691112;;0
212111;691113;;0
212111;691115;;0
212111;691116;;0
212111;691117;;0
212111;691118;;0
212111;691120;;0
212111;691121;;0
212111;691123;;0
212111;691124;;0
212111;691125;;0
212111;691126;;0
212111;691127;;0
212111;691128;;0
212111;691129;;0
212111;691130;;0
212111;691131;;0
212111;691134;;0
212111;691135;;0
212111;691136;;0
212111;691137;;0
212111;691138;;0
212111;691139;;0
212111;691140;;0
212111;691141;;0
212111;691142;;0
212111;691146;;0
212111;691147;;0
212111;691148;;0
212111;691150;;0
212111;691151;;0
212111;691153;;0
212111;691155;;0
212111;691156;;0
212111;691158;;0
212111;691159;;0
212111;691160;;0
212111;691161;;0
212111;691162;;0
212111;693002;;0
212111;693004;;0
212111;693005;;0
212111;693008;;0
212111;693009;;0
212111;693011;;0
212111;693013;;0
212111;693014;;0
212111;693015;;0
212111;693016;;0
212111;693017;;0
212111;693018;;0
212111;693020;;0
212111;693021;;0
212111;693022;;0
212111;693023;;0
212111;693024;;0
212111;693025;;0
212111;693026;;0
212111;693027;;0
212111;693028;;0
212111;693029;;0
212111;693030;;0
212111;693031;;0
212111;693032;;0
212111;693034;;0
212111;693035;;0
212111;693037;;0
212111;693039;;0
212111;693040;;0
212111;693041;;0
212111;693042;;0
212111;693043;;0
212111;693045;;0
212111;693046;;0
212111;693047;;0
212111;693048;;0
212111;693049;;0
212111;693050;;0
212111;693052;;0
212111;693053;;0
212111;693054;;0
212111;693055;;0
212111;693056;;0
212111;693059;;0
212111;693060;;0
212111;693061;;0
212111;693062;;0
212111;693063;;0
212111;693064;;0
212111;693065;;0
212111;693066;;0
212111;693069;;0
212111;693070;;0
212111;693071;;0
212111;693072;;0
212111;693075;;0
212111;694002;;0
212111;694003;;0
212111;694004;;0
212111;694005;;0
212111;697001;;0
212111;697002;;0
212111;697004;;0
212111;697005;;0
212111;697006;;0
212111;697007;;0
212111;697008;;0
212111;697009;;0
212111;697010;;0
212111;697011;;0
212111;697012;;0
212111;697013;;0
212111;697014;;0
212111;697015;;0
212111;697016;;0
212111;697017;;0
212111;697018;;0
212111;697019;;0
212111;697020;;0
212111;697021;;0
212111;697022;;0
212111;697023;;0
212111;697024;;0
212111;697025;;0
212111;697026;;0
212111;697027;;0
212111;697028;;0
212111;697029;;0
212111;697030;;0
212111;697031;;0
212111;697032;;0
212111;697033;;0
212111;698001;;0
212111;698002;;0
212111;698003;;0
212111;698004;;0
212111;698005;;0
212111;698006;;0
212111;698007;;0
212111;698008;;0
212111;698009;;0
212111;698010;;0
212111;698011;;0
212111;698012;;0
212111;698013;;0
212111;698014;;0
212111;698016;;0
212111;698017;;0
212111;698018;;0
212111;698019;;0
212111;698020;;0
212111;698021;;0
212111;698022;;0
212111;698023;;0
212111;698024;;0
212111;698025;;0
212111;698026;;0
212111;698028;;0
212111;698031;;0
212111;698032;;0
212111;698033;;0
212111;698034;;0
212111;698035;;0
212111;698036;;0
212111;698037;;0
212111;698038;;0
212111;698039;;0
212111;698040;;0
212111;698041;;0
212111;698042;;0
212111;698043;;0
212111;698044;;0
212111;698046;;0
212111;698047;;0
212111;698052;;0
212111;699001;;0
212111;699002;;0
212111;699003;;0
212111;699004;;0
212111;699006;;0
212111;699007;;0
212111;699008;;0
212111;699009;;0
212111;699012;;0
212111;699017;;0
212111;699018;;0
212112;699001;;0
212112;699003;;0
212112;699004;;0
212112;699005;;0
212112;699009;;0
212112;699011;;0
212112;699012;;0
212112;699013;;0
212112;699014;;0
212112;699015;;0
212112;699016;;0
212113;699003;;0
212113;699005;;0
212121;691002;;0
212121;691003;;0
212121;691004;;0
212121;691008;;0
212121;691010;;0
212121;691013;;0
212121;691014;;0
212121;691016;;0
212121;691017;;0
212121;691018;;0
212121;691019;;0
212121;691020;;0
212121;691022;;0
212121;691024;;0
212121;691025;;0
212121;691026;;0
212121;691028;;0
212121;691031;;0
212121;691032;;0
212121;691034;;0
212121;691035;;0
212121;691036;;0
212121;691039;;0
212121;691042;;0
212121;691045;;0
212121;691046;;0
212121;691047;;0
212121;691048;;0
212121;691050;;0
212121;691051;;0
212121;691052;;0
212121;691053;;0
212121;691054;;0
212121;691055;;0
212121;691059;;0
212121;691060;;0
212121;691063;;0
212121;691064;;0
212121;691068;;0
212121;691071;;0
212121;691074;;0
212121;691075;;0
212121;691077;;0
212121;691079;;0
212121;691083;;0
212121;691086;;0
212121;691087;;0
212121;691088;;0
212121;691090;;0
212121;691093;;0
212121;691095;;0
212121;691096;;0
212121;691097;;0
212121;691098;;0
212121;691099;;0
212121;691100;;0
212121;691102;;0
212121;691103;;0
212121;691106;;0
212121;691107;;0
212121;691108;;0
212121;691109;;0
212121;691110;;0
212121;691111;;0
212121;691112;;0
212121;691113;;0
212121;691115;;0
212121;691116;;0
212121;691118;;0
212121;691120;;0
212121;691122;;0
212121;691123;;0
212121;691124;;0
212121;691125;;0
212121;691126;;0
212121;691127;;0
212121;691128;;0
212121;691130;;0
212121;691131;;0
212121;691134;;0
212121;691135;;0
212121;691138;;0
212121;691139;;0
212121;691140;;0
212121;691141;;0
212121;691142;;0
212121;691146;;0
212121;691147;;0
212121;691148;;0
212121;691151;;0
212121;691155;;0
212121;691156;;0
212121;691158;;0
212121;691159;;0
212121;691162;;0
212121;693001;;0
212121;693002;;0
212121;693003;;0
212121;693005;;0
212121;693009;;0
212121;693010;;0
212121;693011;;0
212121;693014;;0
212121;693015;;0
212121;693016;;0
212121;693017;;0
212121;693018;;0
212121;693020;;0
212121;693022;;0
212121;693024;;0
212121;693026;;0
212121;693027;;0
212121;693028;;0
212121;693029;;0
212121;693030;;0
212121;693031;;0
212121;693032;;0
212121;693033;;0
212121;693034;;0
212121;693035;;0
212121;693040;;0
212121;693041;;0
212121;693043;;0
212121;693044;;0
212121;693045;;0
212121;693047;;0
212121;693048;;0
212121;693049;;0
212121;693050;;0
212121;693052;;0
212121;693054;;0
212121;693055;;0
212121;693056;;0
212121;693059;;0
212121;693060;;0
212121;693063;;0
212121;693064;;0
212121;693065;;0
212121;693066;;0
212121;693071;;0
212121;693072;;0
212121;693073;;0
212121;693074;;0
212121;693075;;0
212121;693076;;0
212121;694003;;0
212121;694004;;0
212121;694005;;0
212121;697001;;0
212121;697003;;0
212121;697004;;0
212121;697005;;0
212121;697006;;0
212121;697007;;0
212121;697008;;0
212121;697009;;0
212121;697010;;0
212121;697011;;0
212121;697012;;0
212121;697013;;0
212121;697014;;0
212121;697015;;0
212121;697016;;0
212121;697017;;0
212121;697018;;0
212121;697019;;0
212121;697020;;0
212121;697021;;0
212121;697022;;0
212121;697023;;0
212121;697024;;0
212121;697025;;0
212121;697026;;0
212121;697027;;0
212121;697028;;0
212121;697029;;0
212121;697030;;0
212121;697031;;0
212121;697032;;0
212121;697033;;0
212121;697034;;0
212121;698001;;0
212121;698002;;0
212121;698003;;0
212121;698005;;0
212121;698006;;0
212121;698007;;0
212121;698008;;0
212121;698010;;0
212121;698011;;0
212121;698013;;0
212121;698016;;0
212121;698018;;0
212121;698019;;0
212121;698021;;0
212121;698022;;0
212121;698023;;0
212121;698024;;0
212121;698025;;0
212121;698027;;0
212121;698028;;0
212121;698029;;0
212121;698031;;0
212121;698032;;0
212121;698033;;0
212121;698034;;0
212121;698035;;0
212121;698036;;0
212121;698039;;0
212121;698040;;0
212121;698041;;0
212121;698042;;0
212121;698043;;0
212121;698044;;0
212121;698046;;0
212121;698048;;0
212121;698049;;0
212121;698050;;0
212121;698051;;0
212121;698052;;0
212121;699001;;0
212121;699002;;0
212121;699003;;0
212121;699004;;0
212121;699006;;0
212121;699007;;0
212121;699008;;0
212121;699009;;0
212121;699017;;0
212121;699018;;0
212122;699001;;0
212122;699005;;0
212122;699011;;0
212122;699013;;0
212122;699014;;0
212123;699005;;0
212131;699003;;0
212132;699003;;0
212132;699005;;0
212133;699005;;0
212143;699005;;0
215101;;;0
215102;;;0
215103;;;0
215108;;;0
215109;;;0
215301;;;0
215302;;;0
215303;;;0
215304;;;0
215305;;;0
215306;;;0
215307;;;0
215310;;;0
215319;;;0
215320;;;0
21611;;;0
21612;;;0
21613;;;0
21614;;;0
2171011;01;;0
2171011;02;;0
2171011;03;;0
2171011;04;;0
2171011;08;;0
2171013;;;0
2171014;01;;0
2171014;02;;0
2171014;03;;0
2171014;04;;0
2171014;08;;0
2171015;;;0
2171016;;;0
217102;;;0
217103;;;0
21710401;;;0
21710402;;;0
217106;;;0
217108;;;0
217109;;;0
217110;01;;0
217110;02;;0
217110;03;;0
217110;04;;0
217110;08;;0
217111;;;0
217112;;;0
21811;601005;;0
21811;691007;;0
21811;691074;;0
21811;691084;;0
21811;691093;;0
21811;691116;;0
21811;691126;;0
21811;691143;;0
21811;691144;;0
21811;691145;;0
21811;691152;;0
21811;691154;;0
21811;691157;;0
21811;691163;;0
21811;691164;;0
21811;693016;;0
21811;693039;;0
21811;693045;;0
21811;693057;;0
21811;693058;;0
21811;694001;;0
21811;698002;;0
21811;698028;;0
21811;698035;;0
21811;698045;;0
21811;69Y001;;0
21811;69Y006;;0
21811;69Y007;;0
21811;69Y008;;0
21811;69Y010;;0
21811;69Y011;;0
21811;69Y012;;0
21811;69Y013;;0
21811;69Y014;;0
21811;69Y099;;0
21812;699005;;0
21812;699007;;0
21812;69Y002;;0
21812;69Y004;;0
21813;699013;;0
21813;69Y003;;0
21813;69Y005;;0
2191111;;;0
2191121;;;0
2191131;;;0
2191141;;;0
2191151;;;0
2191161;;;0
2191171;;;0
2191181;;;0
2201;35010004;;-7012895.95
2201;35010061;;-3907017.59
2201;35010072;;-744365.81
2201;35010081;;-1072352.56
22020101;35010001;;0
22020101;35010002;;0
22020101;35010003;;0
22020101;35010004;;-6040.91
22020101;35010005;;-17650.82
22020101;35010006;;-19255.28
22020101;35010007;;-63063.94
22020101;35010009;;-10260.01
22020101;35010010;;-127075.51
22020101;35010011;;-1535030.44
22020101;35010012;;-1281706.56
22020101;35010013;;-464.95
22020101;35010014;;-38.56
22020101;35010015;;-1272.73
22020101;35010016;;-5731.61
22020101;35010017;;-8826.76
22020101;35010018;;0
22020101;35010019;;-454830.4
22020101;35010020;;-2983.5
22020101;35010021;;0
22020101;35010022;;-51871.51
22020101;35010024;;-202066.77
22020101;35010026;;-2259
22020101;35010027;;-801336.9
22020101;35010028;;0
22020101;35010030;;-114961.7
22020101;35010031;;-499106.84
22020101;35010033;;-27143.4
22020101;35010034;;0
22020101;35010035;;-3776630.25
22020101;35010036;;0
22020101;35010037;;0
22020101;35010038;;0
22020101;35010039;;-16371.7
22020101;35010040;;-27256.26
22020101;35010044;;0
22020101;35010045;;-964974.02
22020101;35010047;;-639206.8
22020101;35010048;;-23517.59
22020101;35010049;;-205331.1
22020101;35010050;;-57727.84
22020101;35010051;;-221640
22020101;35010052;;-135950.91
22020101;35010053;;-69191.28
22020101;35010054;;-13815
22020101;35010055;;-94.05
22020101;35010056;;0
22020101;35010058;;0
22020101;35010059;;0
22020101;35010060;;-107941.5
22020101;35010061;;0
22020101;35010062;;-276763.5
22020101;35010063;;-9550
22020101;35010064;;-104623.79
22020101;35010065;;-2181.3
22020101;35010066;;-80686.53
22020101;35010067;;0
22020101;35010068;;-8553.05
22020101;35010070;;-15180
22020101;35010071;;-20723
22020101;35010072;;-32641
22020101;35010073;;5938.6
22020101;35010074;;-12044.05
22020101;35010076;;-119952.24
22020101;35010079;;-7458
22020101;35010080;;-6013.55
22020101;35010081;;-103798.18
22020101;35010082;;-7143.17
22020101;35010083;;-49160.85
22020101;35010084;;0
22020101;35010085;;4815.02
22020101;35010086;;-21598.44
22020101;35010087;;0
22020101;35010088;;-88363.12
22020101;35010089;;-969253.94
22020101;35010092;;0
22020101;35010094;;0
22020101;35020004;;-553.34
22020101;35020005;;-290917.42
22020101;35020008;;-38520.66
22020101;35020012;;-1491451.62
22020101;35020013;;-2469911.57
22020101;35030002;;-132975.77
22020101;35030003;;-74100.78
22020101;35030004;;-2448.85
22020101;35030005;;-20405.78
22020101;35030007;;0
22020101;35030008;;-15795.3
22020101;35030009;;-63683.46
22020101;35030012;;-20040.63
22020101;35030013;;-14432.17
22020101;35030014;;0
22020101;35030015;;-2994
22020101;35030017;;-14414.4
22020101;35030018;;27557
22020101;35030019;;-12423.12
22020101;35030021;;-5257
22020101;35030023;;-15537.9
22020101;35030024;;-450
22020101;35030025;;-9203.29
22020101;35030026;;-81158.05
22020101;35030027;;-70769.79
22020101;35030029;;-10309.64
22020101;35030031;;0
22020101;35030032;;-12356
22020101;35030033;;0
22020101;35030034;;-42060
22020101;35030035;;-8547.01
22020101;35030036;;-5600
22020101;35030037;;-5372.48
22020101;35030038;;-157548.14
22020101;35030039;;-40672.71
22020101;35030040;;-3935.22
22020101;35030041;;-232133.55
22020101;35030042;;-14210
22020101;35030043;;-660.93
22020101;35030045;;-17644.97
22020101;35030046;;-490
22020101;35030047;;-10250
22020101;35030048;;-2250
22020101;35030050;;-15331.29
22020101;35030051;;-71133.64
22020101;35030052;;-12686
22020101;35030053;;-3612.39
22020101;35030054;;-2328.88
22020101;35030056;;-1846.14
22020101;35030057;;0
22020101;35030059;;-16548.56
22020101;35030060;;-128050.72
22020101;35030061;;-19844.97
22020101;35030062;;-289435.37
22020101;35030063;;0
22020101;35030065;;0
22020101;35030067;;-36632.98
22020101;35030068;;-8425.52
22020101;35030070;;-800
22020101;35030071;;-3715
22020101;35030072;;-1650
22020101;35030073;;-1006.16
22020101;35030075;;-2412
22020101;35030076;;0
22020101;35030077;;-1594.65
22020101;35030078;;-2584
22020101;35030080;;0
22020101;35030082;;-58266.19
22020101;35030084;;-7511.4
22020101;35030085;;-2400
22020101;35030087;;-39662.7
22020101;35030089;;-21431.26
22020101;35030090;;0
22020101;35030091;;0
22020101;35030095;;-3978
22020101;35030096;;-6242
22020101;35030097;;0
22020101;35030098;;0
22020101;35030100;;0
22020101;35030102;;-76483
22020101;35030104;;-34670.03
22020101;35030105;;-6410.75
22020101;35030107;;-17082.05
22020101;35030108;;-954
22020101;35030109;;0
22020101;35030110;;-12587.66
22020101;35030112;;0
22020101;35030113;;-6045.08
22020101;35030114;;-1298.5
22020101;35030115;;0
22020101;35030118;;0
22020101;35030120;;0
22020101;35030123;;0
22020101;35030124;;-8868.6
22020101;35030126;;-41827.5
22020101;35030127;;0
22020101;35030130;;-2500
22020101;35030131;;-13869.99
22020101;35030133;;-286.42
22020101;35030134;;-52184.57
22020101;35030135;;-125119.8
22020101;35030136;;0
22020101;35030137;;0
22020101;35030139;;-9463.7
22020101;35030141;;-965.25
22020101;35030142;;-2000
22020101;35030144;;-3388
22020101;35030145;;-1000
22020101;35030146;;-34000.01
22020101;35030147;;-44982.55
22020101;35030148;;-360
22020101;35030149;;-570
22020101;35030150;;-28500
22020101;35030151;;7850
22020101;35030153;;0
22020101;35030154;;0
22020101;35030156;;-24380
22020101;35030158;;0
22020101;35030160;;-2393.16
22020101;35030161;;-91430
22020101;35030163;;-2457
22020101;35030168;;-7683.52
22020101;35030171;;-26720.46
22020102;35010001;;-1021678
22020102;35010002;;-14100.47
22020102;35010003;;-210092.96
22020102;35010004;;-2459464.41
22020102;35010005;;-23576.96
22020102;35010006;;-7268.02
22020102;35010007;;-100882.91
22020102;35010010;;-79023.63
22020102;35010011;;-2169306.97
22020102;35010012;;157703.39
22020102;35010013;;-592531.94
22020102;35010014;;-102739.15
22020102;35010015;;-14299.15
22020102;35010016;;-3459.91
22020102;35010017;;-537097.21
22020102;35010018;;-2818.21
22020102;35010019;;-539925.3
22020102;35010021;;-8657.28
22020102;35010022;;-139450.78
22020102;35010024;;-385721.62
22020102;35010025;;-3963.24
22020102;35010026;;-4048.72
22020102;35010027;;-3642516.1
22020102;35010028;;0
22020102;35010029;;-16596.39
22020102;35010030;;-91569.62
22020102;35010031;;-1947476.53
22020102;35010033;;-167857.17
22020102;35010034;;-1401545.86
22020102;35010035;;-3968611.48
22020102;35010036;;-71666.68
22020102;35010037;;-29910.7
22020102;35010041;;-11664
22020102;35010042;;-258
22020102;35010044;;-25155.9
22020102;35010045;;-30910974.67
22020102;35010047;;-604830.53
22020102;35010048;;-20271
22020102;35010049;;-124712.42
22020102;35010051;;-441888.16
22020102;35010052;;-7372.31
22020102;35010053;;-14991.45
22020102;35010054;;-14431.62
22020102;35010056;;-23589.74
22020102;35010057;;-306.28
22020102;35010058;;-152265.98
22020102;35010059;;-173600
22020102;35010060;;-695074.06
22020102;35010061;;-1513993.37
22020102;35010062;;-291045.4
22020102;35010063;;0
22020102;35010067;;-214513.72
22020102;35010069;;-296.48
22020102;35010070;;-43247.86
22020102;35010071;;-109281.38
22020102;35010072;;-918758.33
22020102;35010073;;-88253
22020102;35010074;;-211890.39
22020102;35010076;;-959108.55
22020102;35010079;;0
22020102;35010080;;-7498.23
22020102;35010081;;-224596.7
22020102;35010083;;-86861.27
22020102;35010084;;0
22020102;35010085;;-102177.8
22020102;35010086;;-11323.78
22020102;35010087;;0
22020102;35010088;;-27976.37
22020102;35010089;;-1631781.67
22020102;35010090;;-2937.3
22020102;35010091;;-199
22020102;35010092;;0
22020102;35020001;;-3763.2
22020102;35020005;;-3141.28
22020102;35020012;;0
22020102;35020013;;0
22020102;35030002;;0
22020102;35030003;;-465203
22020102;35030005;;-5811.24
22020102;35030006;;-3219
22020102;35030009;;-26127
22020102;35030010;;-2800
22020102;35030012;;0
22020102;35030014;;-2856.08
22020102;35030016;;-1980
22020102;35030017;;0
22020102;35030018;;-88346.21
22020102;35030020;;-348.72
22020102;35030021;;0
22020102;35030025;;-17428.56
22020102;35030026;;-5554.93
22020102;35030027;;-124246.9
22020102;35030029;;-6898.78
22020102;35030031;;-1020
22020102;35030032;;-3634.19
22020102;35030034;;-8260
22020102;35030036;;0
22020102;35030037;;0
22020102;35030038;;-22862
22020102;35030039;;-22381.6
22020102;35030041;;-99993.14
22020102;35030045;;-162
22020102;35030046;;-2900
22020102;35030047;;0
22020102;35030048;;0
22020102;35030049;;-1150
22020102;35030050;;-5452.2
22020102;35030051;;-12497.75
22020102;35030053;;-12067.77
22020102;35030054;;-4121.38
22020102;35030058;;-1413
22020102;35030059;;0
22020102;35030060;;-19417.12
22020102;35030061;;-24420
22020102;35030062;;-84699
22020102;35030067;;-480
22020102;35030070;;-21722.26
22020102;35030071;;0
22020102;35030072;;-17022.95
22020102;35030074;;-171471.5
22020102;35030080;;-9871.79
22020102;35030082;;-68361.9
22020102;35030083;;-863.25
22020102;35030084;;-6385
22020102;35030085;;0
22020102;35030087;;-172847.7
22020102;35030088;;-407.69
22020102;35030090;;-99580
22020102;35030091;;-900
22020102;35030092;;-634.5
22020102;35030093;;-7966
22020102;35030096;;-1206
22020102;35030097;;-23252.25
22020102;35030098;;-38060.51
22020102;35030100;;-35537.5
22020102;35030102;;51024.82
22020102;35030104;;-43241.19
22020102;35030105;;-4786.32
22020102;35030108;;-79430.5
22020102;35030110;;0
22020102;35030115;;-4444.44
22020102;35030118;;-5004
22020102;35030119;;-800
22020102;35030120;;-2500
22020102;35030123;;-11189.73
22020102;35030124;;0
22020102;35030126;;-8550
22020102;35030127;;0
22020102;35030128;;-3590
22020102;35030131;;0
22020102;35030132;;-5472.97
22020102;35030133;;-3793.6
22020102;35030134;;-106204
22020102;35030135;;-2799.9
22020102;35030137;;-26201.83
22020102;35030139;;-5599.8
22020102;35030141;;-23856.04
22020102;35030148;;-360
22020102;35030149;;-358.97
22020102;35030151;;-7850
22020102;35030152;;-38290.6
22020102;35030154;;0
22020102;35030156;;0
22020102;35030158;;0
22020102;35030161;;-4500
22020102;35030163;;-4200
22020102;35030166;;-4273.5
22020102;35030167;;-15761.36
22020102;35030168;;0
22020102;35030170;;-10156.8
22020102;35030171;;0
22020201;35020001;;-305674.08
22020201;35020002;;-622276.46
22020201;35020003;;-34739855.87
22020201;35020006;;-93219.97
22020201;35020007;;-32419.64
22020201;35020008;;-330680.32
22020201;35020009;;-567584.42
22020201;35020010;;-1402472.64
22020201;35020011;;-8199.1
22020201;35030152;;0
22020202;35020007;;0
22020203;35020001;;-469707.62
22020203;35020003;;-19438720.13
22020301;35020003;;-5474785.51
22020301;35020014;;-27642.91
22020303;35020003;;-1970998.09
221101;;;68741985.3
221102;;;11064990.38
221103;;;8728624
221104;;;0
221105;;;0
221106;;;0
221107;;;242700
221118;;;5177634.39
221119;;;-95214711.98
221121;;;400898.75
221122;;;3290353.78
221123;;;440006.85
221127;;;10821816.36
221128;;;-14851774.5
221129;;;-4385459.99
221131;;;-59427.81
221132;;;-1261302.76
221132;;45;135
221132;;54;150
221132;;56;880
221132;;57;-38745.09
22210101;10000001;;10089541.93
22210101;10000002;;86565919.6
22210101;10000003;;205164839.71
22210101;10000004;;8831600.7
22210101;10000005;;13460732.22
22210102;;;87666547.64
22210103;10000001;;-12354671.95
22210103;10000002;;-145747489.68
22210103;10000003;;-215526051.4
22210103;10000004;;-15288526.3
22210103;10000005;;-10387255.16
22210104;;;-6183538.26
22210105;;;-6291649.05
222102;;;-10205945.55
222103;;;-1831424.53
22210401;;;-263234.91
22210402;;;-80056.1
222105;;;0
222107;;;-42430.46
222108;10000003;;0
222108;10000004;;0
222109;;;-27.5
222110;;;0
222111;;;-170965
223101;20000001;;-40150
223101;20000003;;-328500
223101;20000004;;0
223102;20000007;;-378967.18
223201;;;-5786883.76
223202;;;-749462.95
223203;;;-2998805.31
22410101;36000001;;-486027
22410101;36000003;;0
22410101;36000004;;-47256.82
22410101;36000005;;-319776.76
22410101;36000006;;-80000
22410101;36000007;;-120000
22410101;36000011;;-8070440.24
22410101;36000012;;0
22410101;36000013;;0
22410101;36000014;;0
22410101;36000015;;-118534
22410101;36000016;;-20734.2
22410101;36009001;;-861901.66
22410101;36009007;;-528984.16
22410101;36009009;;-1551587.77
22410101;36009010;;-651319.58
22410201;36000010;;-2092.22
22410201;36009003;;-873865.29
22410201;36009005;;-291288.43
22410301;36000008;;-2330.56
22410301;36000009;;-67243.02
22410301;36009002;;-756420.91
22410301;36009004;;-38361.71
31011;;;0
31012;;;0
31013;;;0
31014;;;0
31015;;;0
31111;;;0
31112;;;0
312102;;;0
31211;;;0
31412;;;0
31413;;;0
31414;;;0
31415;;;0
31416;;;79063094.36
32112;;;0
400101;;;-152919345.78
400102;;;-19806479.32
400103;;;-79283752.1
400201;;;-3370799.12
400202;;;1624155.46
410101;;;-6844157.58
410102;;;-22813858.64
410111;01;;0
410111;01;11;0
410111;02;;0
410111;02;21;0
410111;03;;0
410111;04;;0
410112;01;;0
410112;01;11;0
410112;02;;0
410112;02;21;0
410112;02;22;0
410112;02;23;0
410112;03;;0
410112;03;31;0
410112;03;32;0
410112;03;35;0
410121;01;;0
410121;01;11;0
410121;01;12;0
410121;01;13;0
410121;01;14;0
410121;01;15;0
410121;01;16;0
410121;01;17;0
410121;02;;0
410121;02;21;0
410121;02;22;0
410121;02;23;0
410121;02;53;0
410121;03;;0
410121;03;31;0
410121;03;32;0
410121;03;33;0
410121;03;34;0
410121;03;35;0
410121;03;36;0
410122;01;;0
410122;01;11;0
410122;01;12;0
410122;01;13;0
410122;01;14;0
410122;01;15;0
410122;01;16;0
410122;01;17;0
410122;02;;0
410122;02;21;0
410122;02;22;0
410122;02;23;0
410122;03;;0
410122;03;31;0
410122;03;32;0
410122;03;33;0
410122;03;34;0
410122;03;35;0
410122;03;36;0
410123;01;;0
410123;01;11;0
410123;01;12;0
410123;01;13;0
410123;01;14;0
410123;01;15;0
410123;01;16;0
410123;01;17;0
410123;02;;0
410123;02;21;0
410123;02;22;0
410123;02;23;0
410123;03;;0
410123;03;31;0
410123;03;32;0
410123;03;33;0
410123;03;34;0
410123;03;35;0
410123;03;36;0
4101241;01;;0
4101241;01;11;0
4101241;01;12;0
4101241;01;13;0
4101241;01;14;0
4101241;01;15;0
4101241;01;16;0
4101241;01;17;0
4101241;02;;0
4101241;02;21;0
4101241;02;22;0
4101241;02;23;0
4101241;03;;0
4101241;03;31;0
4101241;03;32;0
4101241;03;33;0
4101241;03;34;0
4101241;03;35;0
4101241;03;36;0
4101242;01;;0
4101242;01;11;0
4101242;01;12;0
4101242;01;13;0
4101242;01;14;0
4101242;01;15;0
4101242;01;16;0
4101242;01;17;0
4101242;02;;0
4101242;02;21;0
4101242;02;22;0
4101242;02;23;0
4101242;03;;0
4101242;03;31;0
4101242;03;32;0
4101242;03;33;0
4101242;03;34;0
4101242;03;35;0
4101242;03;36;0
4101243;01;;0
4101243;01;11;0
4101243;01;12;0
4101243;01;13;0
4101243;01;14;0
4101243;01;15;0
4101243;01;16;0
4101243;01;17;0
4101243;02;;0
4101243;02;21;0
4101243;02;22;0
4101243;02;23;0
4101243;03;;0
4101243;03;31;0
4101243;03;32;0
4101243;03;33;0
4101243;03;34;0
4101243;03;35;0
4101243;03;36;0
4101244;01;;0
4101244;01;11;0
4101244;01;12;0
4101244;01;13;0
4101244;01;14;0
4101244;01;15;0
4101244;01;16;0
4101244;01;17;0
4101244;02;;0
4101244;02;21;0
4101244;02;22;0
4101244;02;23;0
4101244;03;;0
4101244;03;31;0
4101244;03;32;0
4101244;03;33;0
4101244;03;34;0
4101244;03;35;0
4101244;03;36;0
410125;01;;0
410125;02;;0
410125;03;;0
410126;01;;0
410126;02;;0
410126;03;;0
410127;01;;0
410127;02;;0
410127;03;;0
410401;;;13017173.67
410402;;;3905152.09
410403;;;2603434.74
410404;;;22000837.38
410409;;;-208576013.51
4105011;01;;0
4105011;01;11;0
4105011;01;12;0
4105011;01;13;0
4105011;01;14;0
4105011;01;15;0
4105011;01;16;0
4105011;01;17;0
4105011;02;;0
4105011;02;21;0
4105011;02;22;0
4105011;02;23;0
4105011;03;;0
4105011;03;31;0
4105011;03;32;0
4105011;03;33;0
4105011;03;34;0
4105011;03;35;0
4105011;03;36;0
4105012;01;;0
4105012;01;11;0
4105012;01;12;0
4105012;01;13;0
4105012;01;14;0
4105012;01;15;0
4105012;01;16;0
4105012;01;17;0
4105012;02;;0
4105012;02;21;0
4105012;02;22;0
4105012;02;23;0
4105012;03;;0
4105012;03;31;0
4105012;03;32;0
4105012;03;33;0
4105012;03;34;0
4105012;03;35;0
4105012;03;36;0
4105013;01;;0
4105013;01;11;0
4105013;01;12;0
4105013;01;13;0
4105013;01;14;0
4105013;01;15;0
4105013;01;16;0
4105013;01;17;0
4105013;01;23;0
4105013;02;;0
4105013;02;21;0
4105013;02;22;0
4105013;02;23;0
4105013;03;;0
4105013;03;31;0
4105013;03;32;0
4105013;03;33;0
4105013;03;34;0
4105013;03;35;0
4105013;03;36;0
41050141;01;;0
41050141;01;11;0
41050141;01;12;0
41050141;01;13;0
41050141;01;14;0
41050141;01;15;0
41050141;01;16;0
41050141;01;17;0
41050141;02;;0
41050141;02;21;0
41050141;02;22;0
41050141;02;23;0
41050141;03;;0
41050141;03;31;0
41050141;03;32;0
41050141;03;33;0
41050141;03;34;0
41050141;03;35;0
41050141;03;36;0
41050142;01;;0
41050142;01;11;0
41050142;01;12;0
41050142;01;13;0
41050142;01;14;0
41050142;01;15;0
41050142;01;16;0
41050142;01;17;0
41050142;02;;0
41050142;02;21;0
41050142;02;22;0
41050142;02;23;0
41050142;03;;0
41050142;03;31;0
41050142;03;32;0
41050142;03;33;0
41050142;03;34;0
41050142;03;35;0
41050142;03;36;0
41050143;01;;0
41050143;01;11;0
41050143;01;12;0
41050143;01;13;0
41050143;01;14;0
41050143;01;15;0
41050143;01;16;0
41050143;01;17;0
41050143;02;;0
41050143;02;21;0
41050143;02;22;0
41050143;02;23;0
41050143;03;;0
41050143;03;31;0
41050143;03;32;0
41050143;03;33;0
41050143;03;34;0
41050143;03;35;0
41050143;03;36;0
41050144;01;;0
41050144;01;11;0
41050144;01;12;0
41050144;01;13;0
41050144;01;14;0
41050144;01;15;0
41050144;01;16;0
41050144;01;17;0
41050144;02;;0
41050144;02;21;0
41050144;02;22;0
41050144;02;23;0
41050144;03;;0
41050144;03;31;0
41050144;03;32;0
41050144;03;33;0
41050144;03;34;0
41050144;03;35;0
41050144;03;36;0
4105021;01;;0
4105021;01;11;0
4105021;01;12;0
4105021;01;13;0
4105021;01;14;0
4105021;01;15;0
4105021;01;16;0
4105021;01;17;0
4105021;02;;0
4105021;02;21;0
4105021;02;22;0
4105021;02;23;0
4105021;03;;0
4105021;03;31;0
4105021;03;32;0
4105021;03;33;0
4105021;03;34;0
4105021;03;35;0
4105021;03;36;0
4105022;01;;0
4105022;01;11;0
4105022;01;12;0
4105022;01;13;0
4105022;01;14;0
4105022;01;15;0
4105022;01;16;0
4105022;01;17;0
4105022;02;;0
4105022;02;21;0
4105022;02;22;0
4105022;02;23;0
4105022;03;;0
4105022;03;31;0
4105022;03;32;0
4105022;03;33;0
4105022;03;34;0
4105022;03;35;0
4105022;03;36;0
4105023;01;;0
4105023;01;11;0
4105023;01;12;0
4105023;01;13;0
4105023;01;14;0
4105023;01;15;0
4105023;01;16;0
4105023;01;17;0
4105023;02;;0
4105023;02;21;0
4105023;02;22;0
4105023;02;23;0
4105023;03;;0
4105023;03;31;0
4105023;03;32;0
4105023;03;33;0
4105023;03;34;0
4105023;03;35;0
4105023;03;36;0
4105024;01;;0
4105024;01;11;0
4105024;01;12;0
4105024;01;13;0
4105024;01;14;0
4105024;01;15;0
4105024;01;16;0
4105024;01;17;0
4105024;02;;0
4105024;02;21;0
4105024;02;22;0
4105024;02;23;0
4105024;03;;0
4105024;03;31;0
4105024;03;32;0
4105024;03;33;0
4105024;03;34;0
4105024;03;35;0
4105024;03;36;0
4105025;01;;0
4105025;01;11;0
4105025;01;12;0
4105025;01;13;0
4105025;01;14;0
4105025;01;15;0
4105025;01;16;0
4105025;01;17;0
4105025;02;;0
4105025;02;21;0
4105025;02;22;0
4105025;02;23;0
4105025;03;;0
4105025;03;31;0
4105025;03;32;0
4105025;03;33;0
4105025;03;34;0
4105025;03;35;0
4105025;03;36;0
4105026;01;;0
4105026;01;11;0
4105026;01;12;0
4105026;01;13;0
4105026;01;14;0
4105026;01;15;0
4105026;01;16;0
4105026;01;17;0
4105026;02;;0
4105026;02;21;0
4105026;02;22;0
4105026;02;23;0
4105026;03;;0
4105026;03;31;0
4105026;03;32;0
4105026;03;33;0
4105026;03;34;0
4105026;03;35;0
4105026;03;36;0
4105029;01;;0
4105029;01;11;0
4105029;01;12;0
4105029;01;13;0
4105029;01;14;0
4105029;01;16;0
4105029;01;17;0
4105029;02;;0
4105029;02;21;0
4105029;02;22;0
4105029;02;23;0
4105029;03;;0
4105029;03;31;0
4105029;03;32;0
4105029;03;33;0
4105029;03;34;0
4105029;03;35;0
4105029;03;36;0
410503;01;;0
410503;01;11;0
410503;01;12;0
410503;01;13;0
410503;01;14;0
410503;01;15;0
410503;01;16;0
410503;01;17;0
410503;02;;0
410503;02;21;0
410503;02;22;0
410503;02;23;0
410503;03;;0
410503;03;31;0
410503;03;32;0
410503;03;33;0
410503;03;34;0
410503;03;35;0
410503;03;36;0
410504;01;;0
410504;01;11;0
410504;01;12;0
410504;01;13;0
410504;01;14;0
410504;01;15;0
410504;01;16;0
410504;01;17;0
410504;02;;0
410504;02;21;0
410504;02;22;0
410504;02;23;0
410504;03;;0
410504;03;31;0
410504;03;32;0
410504;03;33;0
410504;03;34;0
410504;03;35;0
410504;03;36;0
50010101;10000001;;-1397.63
50010101;10000002;;1877004.64
50010101;10000003;;3491989.81
50010102;10000001;;89101.9
50010102;10000002;;182717.52
50010102;10000003;;1016530.65
50010201;10000001;;0
50010201;10000002;;0
50010201;10000003;;0
50010201;10000004;;0
50010202;10000001;;0
50010202;10000002;;0
50010202;10000003;;0
50010301;10000001;;-514645.37
50010301;10000001;11;125076.31
50010301;10000001;13;111678.6
50010301;10000001;14;69477.63
50010301;10000001;15;32326.9
50010301;10000001;16;52564.12
50010301;10000001;17;123521.81
50010301;10000002;;-1103336.45
50010301;10000002;21;428648.31
50010301;10000002;22;290483.87
50010301;10000002;23;384204.27
50010301;10000003;;-1188920.18
50010301;10000003;31;157805.51
50010301;10000003;32;351872.31
50010301;10000003;33;125050.76
50010301;10000003;34;102515.56
50010301;10000003;35;65133.53
50010301;10000003;36;73186.4
50010301;10000003;37;194655.1
50010301;10000003;38;118701.01
50010302;10000001;;-118135
50010302;10000001;11;31264
50010302;10000001;13;24724
50010302;10000001;14;11548
50010302;10000001;15;11548
50010302;10000001;16;11810
50010302;10000001;17;27241
50010302;10000002;;-263182
50010302;10000002;21;95107
50010302;10000002;22;75760
50010302;10000002;23;92315
50010302;10000003;;-228589.99
50010302;10000003;31;35506
50010302;10000003;32;62269
50010302;10000003;33;19373.33
50010302;10000003;34;19373.33
50010302;10000003;35;19373.33
50010302;10000003;36;12489
50010302;10000003;37;39134
50010302;10000003;38;21072
50010303;10000001;;-43392.27
50010303;10000001;11;11355.52
50010303;10000001;13;9527.64
50010303;10000001;14;5485.95
50010303;10000001;15;2787.48
50010303;10000001;16;4383.83
50010303;10000001;17;9851.85
50010303;10000002;;-93389.76
50010303;10000002;21;37051.17
50010303;10000002;22;24178.52
50010303;10000002;23;32160.07
50010303;10000003;;-87756.17
50010303;10000003;31;11729.27
50010303;10000003;32;24702.29
50010303;10000003;33;10143.8
50010303;10000003;34;6495.94
50010303;10000003;35;5740.74
50010303;10000003;36;6244.08
50010303;10000003;37;13679.77
50010303;10000003;38;9020.28
50010304;10000001;;-78023.65
50010304;10000001;11;19276.93
50010304;10000001;13;17122.6
50010304;10000001;14;10222.53
50010304;10000001;15;4933.43
50010304;10000001;16;8113.74
50010304;10000001;17;18354.42
50010304;10000002;;-163633.33
50010304;10000002;21;64493.2
50010304;10000002;22;41957.99
50010304;10000002;23;57182.14
50010304;10000003;;-165328.28
50010304;10000003;31;23843.77
50010304;10000003;32;44727.12
50010304;10000003;33;17448.71
50010304;10000003;34;13545.32
50010304;10000003;35;9068.56
50010304;10000003;36;10225.85
50010304;10000003;37;28839.44
50010304;10000003;38;17629.51
50010305;10000001;;-14677.6
50010305;10000001;11;3626.33
50010305;10000001;13;3221.06
50010305;10000001;14;1923.02
50010305;10000001;15;928.06
50010305;10000001;16;1526.31
50010305;10000001;17;3452.82
50010305;10000002;;-30782.14
50010305;10000002;21;12132.28
50010305;10000002;22;7892.98
50010305;10000002;23;10756.88
50010305;10000003;;-31100.99
50010305;10000003;31;4487
50010305;10000003;32;8413.87
50010305;10000003;33;3282.43
50010305;10000003;34;2548.09
50010305;10000003;35;1705.94
50010305;10000003;36;1923.67
50010305;10000003;37;5424.3
50010305;10000003;38;3315.69
50010306;10000001;;-4894.31
50010306;10000001;11;1209.63
50010306;10000001;13;1068.59
50010306;10000001;14;651.41
50010306;10000001;15;315.31
50010306;10000001;16;520.8
50010306;10000001;17;1128.57
50010306;10000002;;-10343.48
50010306;10000002;21;4054.59
50010306;10000002;22;2657.68
50010306;10000002;23;3631.21
50010306;10000003;;-10447.13
50010306;10000003;31;378.78
50010306;10000003;32;2855.04
50010306;10000003;33;1083.9
50010306;10000003;34;858.35
50010306;10000003;35;575.78
50010306;10000003;36;635.07
50010306;10000003;37;2469.91
50010306;10000003;38;1590.3
50010307;10000001;;-38835.7
50010307;10000001;11;9594.96
50010307;10000001;13;8522.67
50010307;10000001;14;5088.15
50010307;10000001;15;2455.56
50010307;10000001;16;4038.51
50010307;10000001;17;9135.85
50010307;10000002;;-81446.97
50010307;10000002;21;32100.96
50010307;10000002;22;20884.19
50010307;10000002;23;28461.82
50010307;10000003;;-82290.64
50010307;10000003;31;11869.67
50010307;10000003;32;22262.45
50010307;10000003;33;8685
50010307;10000003;34;6742.05
50010307;10000003;35;4513.78
50010307;10000003;36;5089.84
50010307;10000003;37;14353.82
50010307;10000003;38;8774.03
50010321;10000001;;-88589.26
50010321;10000001;11;21887.65
50010321;10000001;13;19096.36
50010321;10000001;14;11343.59
50010321;10000001;15;6142.48
50010321;10000001;16;9012.39
50010321;10000001;17;21106.79
50010321;10000002;;-191312.6
50010321;10000002;21;73325.75
50010321;10000002;22;51274.15
50010321;10000002;23;66712.7
50010321;10000003;;-198451.41
50010321;10000003;31;27063.61
50010321;10000003;32;57979.78
50010321;10000003;33;20219.37
50010321;10000003;34;17064.44
50010321;10000003;35;11830.96
50010321;10000003;36;11994.56
50010321;10000003;37;32730.48
50010321;10000003;38;19568.21
500104;10000001;;-3831.45
500104;10000002;;-286.5
500104;10000003;;4117.95
500105;10000001;;0
500105;10000002;;0
500105;10000003;;0
500106;10000001;;0
500106;10000002;;0
500106;10000003;;0
5101;50011;;0
5101;50012;;0
5101;50013;;0
5101;50014;;0
5101;50015;;0
5101;50021;;0
5101;50022;;0
5101;50025;;0
5101;50031;;0
5101;50035;;0
5101;50051;;0
5101;50052;;0
5101;50055;;0
5101;50066;;0
5101;50072;;0
5101;50074;;0
5101;50111;;0
5101;50112;;0
5101;50131;;0
5101;50132;;0
5101;50141;;0
5101;50142;;0
5101;50145;;0
5101;50146;;0
5101;50147;;0
5101;50148;;0
5101;52011;;0
5101;52012;;0
5101;52021;;0
5101;52022;;0
5101;52023;;0
5101;52024;;0
5101;52025;;0
5101;52031;;0
5101;52032;;0
5101;52033;;0
5101;52034;;0
5101;52041;;0
5101;52042;;0
5101;52043;;0
5101;52044;;0
5101;52051;;0
5101;52052;;0
5101;52053;;0
5101;52054;;0
5101;52055;;0
5101;52061;;0
5101;52062;;0
5101;52063;;0
5101;52064;;0
5101;52065;;0
5101;52081;;0
5101;52082;;0
5101;52085;;0
5101;52091;;0
5101;52092;;0
5101;52093;;0
5101;52094;;0
5101;52095;;0
5101;52101;;0
5101;52102;;0
5101;52103;;0
5101;52104;;0
5101;52105;;0
5101;52111;;0
5101;52112;;0
5101;52113;;0
5101;52114;;0
5101;52115;;0
5101;52121;;0
5101;52122;;0
5101;52123;;0
5101;52124;;0
5101;52125;;0
5101;52131;;0
5101;52132;;0
5101;52135;;0
5101;52136;;0
5101;54011;;0
5101;54012;;0
5101;54021;;0
5101;54022;;0
5101;54023;;0
5101;54024;;0
5101;54025;;0
5101;54026;;0
5101;54031;;0
5101;54041;;0
5101;54051;;0
5101;54071;;0
5101;54081;;0
5101;54091;;0
5101;54101;;0
5101;54121;;0
5101;54131;;0
5101;54141;;0
5101;54151;;0
5101;54161;;0
5101;54171;;0
5101;54181;;0
5101;54191;;0
5101;54241;;0
5101;54251;;0
5101;54252;;0
5101;54253;;0
5101;54254;;0
5101;54255;;0
5101;54256;;0
5101;56011;;0
5101;56012;;0
5101;56021;;0
5101;56022;;0
5101;56023;;0
5101;56031;;0
5101;56032;;0
5101;56033;;0
5101;56041;;0
5101;56042;;0
5101;58007;;0
5101;58008;;0
5101;58009;;0
5101;58014;;0
5101;58016;;0
5101;58017;;0
5101;58018;;0
5101;58019;;0
5101;58020;;0
5101;58021;;0
5101;58022;;0
5101;58023;;0
5101;58024;;0
5101;58401;;0
5101;58403;;0
5101;58405;;0
5101;58406;;0
5101;58407;;0
5101;58408;;0
5101;58409;;0
5101;58410;;0
5101;58411;;0
5101;58412;;0
5101;58413;;0
5101;58414;;0
5101;58415;;0
5101;58416;;0
5101;58417;;0
5101;58418;;0
5101;58419;;0
5101;58420;;0
5101;58421;;0
5101;58422;;0
5101;58423;;0
5101;58701;;0
5101;58702;;0
5101;58703;;0
5101;58704;;0
5101;58705;;0
5101;58706;;0
5101;58991;;0
5101;58992;;0
51010101;10000001;;-34376.63
51010101;10000001;11;5729.38
51010101;10000001;13;5729.45
51010101;10000001;14;5729.45
51010101;10000001;15;5729.45
51010101;10000001;16;5729.45
51010101;10000001;17;5729.45
51010101;10000002;;-27078.3
51010101;10000002;21;9026.1
51010101;10000002;22;9026.1
51010101;10000002;23;9026.1
51010101;10000003;;-55074.65
51010101;10000003;31;4780.56
51010101;10000003;32;11971.04
51010101;10000003;33;3990.35
51010101;10000003;34;3990.35
51010101;10000003;35;3990.35
51010101;10000003;36;11971.04
51010101;10000003;37;7190.48
51010101;10000003;38;7190.48
51010102;10000001;;-15646.35
51010102;10000001;11;2607.75
51010102;10000001;13;2607.72
51010102;10000001;14;2607.72
51010102;10000001;15;2607.72
51010102;10000001;16;2607.72
51010102;10000001;17;2607.72
51010102;10000002;;-15646.35
51010102;10000002;21;5215.45
51010102;10000002;22;5215.45
51010102;10000002;23;5215.45
51010102;10000003;;-28148.31
51010102;10000003;31;2610.58
51010102;10000003;32;6151.78
51010102;10000003;33;2050.59
51010102;10000003;34;2050.59
51010102;10000003;35;2050.59
51010102;10000003;36;6151.78
51010102;10000003;37;3541.2
51010102;10000003;38;3541.2
51010103;10000001;;-2747.57
51010103;10000001;11;457.87
51010103;10000001;13;457.94
51010103;10000001;14;457.94
51010103;10000001;15;457.94
51010103;10000001;16;457.94
51010103;10000001;17;457.94
51010103;10000002;;-1961.67
51010103;10000002;21;653.89
51010103;10000002;22;653.89
51010103;10000002;23;653.89
51010103;10000003;;-8887.93
51010103;10000003;31;739.93
51010103;10000003;32;1925.57
51010103;10000003;33;641.86
51010103;10000003;34;641.86
51010103;10000003;35;641.86
51010103;10000003;36;1925.57
51010103;10000003;37;1185.64
51010103;10000003;38;1185.64
51010104;10000001;;-4239.89
51010104;10000001;11;706.64
51010104;10000001;13;706.65
51010104;10000001;14;706.65
51010104;10000001;15;706.65
51010104;10000001;16;706.65
51010104;10000001;17;706.65
51010104;10000002;;-3176.31
51010104;10000002;21;1058.77
51010104;10000002;22;1058.77
51010104;10000002;23;1058.77
51010104;10000003;;-6951.1
51010104;10000003;31;578.3
51010104;10000003;32;1505.88
51010104;10000003;33;501.96
51010104;10000003;34;501.96
51010104;10000003;35;501.96
51010104;10000003;36;1505.88
51010104;10000003;37;927.58
51010104;10000003;38;927.58
51010105;10000001;;-797.55
51010105;10000001;11;132.9
51010105;10000001;13;132.93
51010105;10000001;14;132.93
51010105;10000001;15;132.93
51010105;10000001;16;132.93
51010105;10000001;17;132.93
51010105;10000002;;-597.48
51010105;10000002;21;199.16
51010105;10000002;22;199.16
51010105;10000002;23;199.16
51010105;10000003;;-1307.65
51010105;10000003;31;108.83
51010105;10000003;32;283.29
51010105;10000003;33;94.44
51010105;10000003;34;94.44
51010105;10000003;35;94.44
51010105;10000003;36;283.29
51010105;10000003;37;174.46
51010105;10000003;38;174.46
51010106;10000001;;-271.05
51010106;10000001;11;45.15
51010106;10000001;13;45.18
51010106;10000001;14;45.18
51010106;10000001;15;45.18
51010106;10000001;16;45.18
51010106;10000001;17;45.18
51010106;10000002;;-202.38
51010106;10000002;21;67.46
51010106;10000002;22;67.46
51010106;10000002;23;67.46
51010106;10000003;;-443.81
51010106;10000003;31;9.19
51010106;10000003;32;90.6
51010106;10000003;33;30.2
51010106;10000003;34;30.2
51010106;10000003;35;30.2
51010106;10000003;36;90.6
51010106;10000003;37;81.41
51010106;10000003;38;81.41
51010107;10000001;;-2110.34
51010107;10000001;11;351.69
51010107;10000001;13;351.73
51010107;10000001;14;351.73
51010107;10000001;15;351.73
51010107;10000001;16;351.73
51010107;10000001;17;351.73
51010107;10000002;;-1580.97
51010107;10000002;21;526.99
51010107;10000002;22;526.99
51010107;10000002;23;526.99
51010107;10000003;;-3459.8
51010107;10000003;31;287.88
51010107;10000003;32;749.54
51010107;10000003;33;249.84
51010107;10000003;34;249.84
51010107;10000003;35;249.84
51010107;10000003;36;749.54
51010107;10000003;37;461.66
51010107;10000003;38;461.66
51010121;10000001;;-7003.16
51010121;10000001;11;1167.16
51010121;10000001;13;1167.2
51010121;10000001;14;1167.2
51010121;10000001;15;1167.2
51010121;10000001;16;1167.2
51010121;10000001;17;1167.2
51010121;10000002;;-5981.46
51010121;10000002;21;1993.82
51010121;10000002;22;1993.82
51010121;10000002;23;1993.82
51010121;10000003;;-11651.23
51010121;10000003;31;1034.76
51010121;10000003;32;2537.2
51010121;10000003;33;845.73
51010121;10000003;34;845.73
51010121;10000003;35;845.73
51010121;10000003;36;2537.2
51010121;10000003;37;1502.44
51010121;10000003;38;1502.44
51010201;10000001;;-324150.68
51010201;10000001;11;10022.06
51010201;10000001;13;60145.82
51010201;10000001;14;24702.32
51010201;10000001;15;86715.77
51010201;10000001;16;33284.54
51010201;10000001;17;113398.12
51010201;10000002;;-595315.45
51010201;10000002;21;78950.61
51010201;10000002;22;187282.52
51010201;10000002;23;329082.32
51010201;10000003;;-547551.92
51010201;10000003;31;32258.95
51010201;10000003;32;172064.44
51010201;10000003;33;51167.51
51010201;10000003;34;45787.02
51010201;10000003;35;128781.89
51010201;10000003;36;74532.85
51010201;10000003;37;404.14
51010201;10000003;38;38437.17
51010202;10000001;;-29630.54
51010202;10000001;11;4094.36
51010202;10000001;13;7222.48
51010202;10000001;14;1018.03
51010202;10000001;15;9156.35
51010202;10000001;16;3052.63
51010202;10000001;17;5086.69
51010202;10000002;;-39438.69
51010202;10000002;21;3020.72
51010202;10000002;22;18616.81
51010202;10000002;23;17801.16
51010202;10000003;;-17397.54
51010202;10000003;31;685
51010202;10000003;32;3468.63
51010202;10000003;33;2440.89
51010202;10000003;34;2440.89
51010202;10000003;35;2998.85
51010202;10000003;36;3046.56
51010202;10000003;37;1492.86
51010202;10000003;38;823.86
51010203;10000001;;-605313.38
51010203;10000001;11;22161.04
51010203;10000001;13;76170.8
51010203;10000001;14;20321.43
51010203;10000001;15;370983.36
51010203;10000001;16;16475.59
51010203;10000001;17;99201.16
51010203;10000002;;-1343250.66
51010203;10000002;21;188333.23
51010203;10000002;22;527766.02
51010203;10000002;23;627151.41
51010203;10000003;;-2053363.23
51010203;10000003;31;30626.79
51010203;10000003;32;1410154.9
51010203;10000003;33;212712.64
51010203;10000003;34;72851.65
51010203;10000003;35;66683.78
51010203;10000003;36;201499.63
51010203;10000003;37;36639.8
51010203;10000003;38;22194.04
51010204;10000001;;-4223.32
51010204;10000001;11;139.35
51010204;10000001;13;857.1
51010204;10000001;15;822.75
51010204;10000001;16;214.35
51010204;10000001;17;2189.77
51010204;10000002;;-9174.36
51010204;10000002;21;3716.93
51010204;10000002;22;278.7
51010204;10000002;23;5178.73
51010204;10000003;;-11198.1
51010204;10000003;31;3909.55
51010204;10000003;32;5961.26
51010204;10000003;35;376.35
51010204;10000003;36;163.2
51010204;10000003;37;428.71
51010204;10000003;38;359.03
51010205;10000001;;-3063.84
51010205;10000001;11;373.81
51010205;10000001;13;367.82
51010205;10000001;14;7.61
51010205;10000001;15;775.01
51010205;10000001;16;589.31
51010205;10000001;17;950.28
51010205;10000002;;-5099.15
51010205;10000002;21;1973.53
51010205;10000002;22;1523.44
51010205;10000002;23;1602.18
51010205;10000003;;-3135.47
51010205;10000003;31;167
51010205;10000003;32;1269.1
51010205;10000003;33;192.1
51010205;10000003;34;192.1
51010205;10000003;35;192.1
51010205;10000003;36;185.14
51010205;10000003;37;664.73
51010205;10000003;38;273.2
51010206;10000001;;-17334.3
51010206;10000001;11;4574.8
51010206;10000001;13;3232
51010206;10000001;14;3756
51010206;10000001;15;60
51010206;10000001;16;1272
51010206;10000001;17;4153
51010206;10000002;;-5807
51010206;10000002;21;2562
51010206;10000002;22;1904.5
51010206;10000002;23;1627
51010206;10000003;31;7820
51010206;10000003;32;17739
51010206;10000003;33;1900
51010206;10000003;34;1950
51010206;10000003;35;2294
51010206;10000003;36;2187
51010206;10000003;37;5976
51010206;10000003;38;2338
51010209;10000003;;-53687.14
51010209;10000003;33;11483.14
510103;10000001;;-572925.23
510103;10000001;11;24782.73
510103;10000001;13;114859.93
510103;10000001;14;31011.64
510103;10000001;15;93357.81
510103;10000001;16;121972.99
510103;10000001;17;186940.13
510103;10000002;;-904145.1
510103;10000002;21;244270.28
510103;10000002;22;342745.68
510103;10000002;23;317129.14
510103;10000003;;-2170203.97
510103;10000003;31;134806.22
510103;10000003;32;629986.76
510103;10000003;33;491730.73
510103;10000003;34;173363.84
510103;10000003;35;142610.53
510103;10000003;36;327067.51
510103;10000003;37;179742.65
510103;10000003;38;90895.73
510104;10000001;;-105987.04
510104;10000001;11;5066.09
510104;10000001;13;3777.71
510104;10000001;14;6991.42
510104;10000001;15;54225.41
510104;10000001;16;6364.75
510104;10000001;17;29561.66
510104;10000002;;-241735.93
510104;10000002;21;78191.71
510104;10000002;22;93761.94
510104;10000002;23;69782.28
510104;10000003;;-337497.59
510104;10000003;31;13354.62
510104;10000003;32;229836.37
510104;10000003;33;9536.21
510104;10000003;34;23868.1
510104;10000003;35;12504.39
510104;10000003;36;22064.44
510104;10000003;37;16662.93
510104;10000003;38;9670.53
51021;;;0
51029;;;0
51051;;;0
51059;;;0
5203;;;0
53011;;;0
53012;;;0
53013;;;0
5301411;;;0
5301412;;;0
53019;;;0
5401;50011;;0
5401;50012;;0
5401;50013;;0
5401;50014;;0
5401;50015;;0
5401;50021;;0
5401;50022;;0
5401;50025;;0
5401;50031;;0
5401;50035;;0
5401;50045;;0
5401;50051;;0
5401;50052;;0
5401;50055;;0
5401;50061;;0
5401;50062;;0
5401;50071;;0
5401;50072;;0
5401;50073;;0
5401;50074;;0
5401;50146;;0
5401;50147;;0
5401;50148;;0
5401;52011;;0
5401;52012;;0
5401;52021;;0
5401;52022;;0
5401;52023;;0
5401;52024;;0
5401;52025;;0
5401;52031;;0
5401;52033;;0
5401;52041;;0
5401;52042;;0
5401;52043;;0
5401;52051;;0
5401;52052;;0
5401;52053;;0
5401;52054;;0
5401;52055;;0
5401;52081;;0
5401;52082;;0
5401;52085;;0
5401;52091;;0
5401;52092;;0
5401;52093;;0
5401;52094;;0
5401;52095;;0
5401;52101;;0
5401;52102;;0
5401;52103;;0
5401;52104;;0
5401;52105;;0
5401;54011;;0
5401;54012;;0
5401;54021;;0
5401;54031;;0
5401;54041;;0
5401;54051;;0
5401;54061;;0
5401;54091;;0
5401;54121;;0
5401;54131;;0
5401;54141;;0
5401;54151;;0
5401;54241;;0
5401;56011;;0
5401;56012;;0
5401;56021;;0
5401;56022;;0
5401;56031;;0
5401;56032;;0
5401;56033;;0
5401;56041;;0
5401;56042;;0
5401;58007;;0
5401;58012;;0
5401;58013;;0
5401;58014;;0
5401;58016;;0
5401;58017;;0
5401;58018;;0
5401;58019;;0
5401;58020;;0
5401;58401;;0
5401;58402;;0
5401;58403;;0
5401;58408;;0
5401;58411;;0
5401;58413;;0
5401;58701;;0
5401;58702;;0
5401;58703;;0
5401;58704;;0
5401;58991;;0
5401;58992;;0
5401993;;;0
5401994;;;0
550101;01;41;0
550101;01;46;0
550101;02;41;0
550101;02;46;0
550101;03;41;0
550101;04;41;0
550101;04;46;0
550101;08;41;0
550102;01;53;0
550102;02;53;0
550102;03;53;0
550103;08;43;0
550103;08;46;0
550103;08;52;0
550104;;46;0
550104;;55;0
550104;;56;0
550105;01;46;0
550105;02;46;0
550105;03;46;0
550107;;46;0
550129;;46;0
550129;;51;0
550129;;52;0
5502011;;42;0
5502011;;51;0
5502011;;52;0
5502011;;53;0
5502011;;54;0
5502011;;55;0
5502011;;56;0
5502011;;57;0
5502011;;58;0
5502012;;51;0
5502012;;52;0
5502012;;53;0
5502012;;54;0
5502012;;55;0
5502012;;56;0
5502012;;57;0
5502012;;58;0
5502013;;51;0
5502013;;52;0
5502013;;53;0
5502013;;54;0
5502013;;55;0
5502013;;56;0
5502013;;57;0
5502013;;58;0
55020141;;51;0
55020141;;52;0
55020141;;53;0
55020141;;54;0
55020141;;55;0
55020141;;56;0
55020141;;57;0
55020142;;51;0
55020142;;52;0
55020142;;53;0
55020142;;54;0
55020142;;55;0
55020142;;56;0
55020142;;57;0
55020142;;58;0
55020143;;51;0
55020143;;52;0
55020143;;53;0
55020143;;54;0
55020143;;55;0
55020143;;56;0
55020143;;57;0
55020143;;58;0
55020144;;46;0
55020144;;51;0
55020144;;52;0
55020144;;53;0
55020144;;54;0
55020144;;55;0
55020144;;56;0
55020144;;57;0
55020144;;58;0
550202;;42;0
550202;;44;0
550202;;51;0
550202;;52;0
550202;;53;0
550202;;54;0
550202;;55;0
550202;;56;0
550202;;57;0
550202;;58;0
550202;;59;0
550203;;46;0
550203;;51;0
550203;;53;0
550203;;54;0
550203;;55;0
550203;;57;0
550203;;58;0
550204;;43;0
550204;;44;0
550204;;45;0
550204;;46;0
550204;;51;0
550204;;52;0
550204;;53;0
550204;;54;0
550204;;55;0
550204;;56;0
550204;;57;0
550204;;58;0
550204;;59;0
550205;;42;0
550205;;44;0
550205;;46;0
550205;;51;0
550205;;53;0
550205;;54;0
550205;;55;0
550205;;56;0
550205;;58;0
550206;;41;0
550206;;43;0
550206;;46;0
550206;;51;0
550206;;52;0
550206;;53;0
550206;;54;0
550206;;55;0
550206;;56;0
550206;;57;0
550206;;58;0
550207;;51;0
550207;;52;0
550207;;53;0
550207;;54;0
550207;;57;0
550207;;58;0
550208;;53;0
550209;;53;0
550209;;58;0
550210;;54;0
550210;;56;0
550210;;58;0
550211;;21;0
550211;;36;0
550211;;41;0
550211;;43;0
550211;;44;0
550211;;45;0
550211;;46;0
550211;;51;0
550211;;52;0
550211;;53;0
550211;;54;0
550211;;55;0
550211;;56;0
550211;;57;0
550211;;58;0
550211;;59;0
550212;;57;0
5502131;;53;0
550214;;54;0
550215;;53;0
550215;;54;0
550215;;56;0
550215;;57;0
550216;;21;0
550216;;31;0
550216;;41;0
550216;;42;0
550216;;43;0
550216;;44;0
550216;;45;0
550216;;51;0
550216;;52;0
550216;;53;0
550216;;54;0
550216;;55;0
550216;;56;0
550216;;57;0
550216;;58;0
550217;;52;0
550217;;53;0
550217;;54;0
550218;;51;0
550218;;52;0
550218;;53;0
550218;;54;0
550218;;55;0
550218;;56;0
550218;;57;0
550218;;58;0
550219;02;52;0
550219;03;52;0
550219;08;52;0
550219;08;58;0
550220;;53;0
550222;;53;0
550222;;55;0
550222;;56;0
550222;;58;0
550223;;44;0
550223;;54;0
550223;;55;0
550226;;54;0
550226;;55;0
550227;;53;0
550228;;53;0
5502292;;46;0
550230;;53;0
550298;;41;0
550298;;43;0
550298;;44;0
550298;;46;0
550298;;51;0
550298;;52;0
550298;;53;0
550298;;54;0
550298;;55;0
550298;;56;0
550298;;57;0
550298;;58;0
55029901;;41;0
55029901;;42;0
55029901;;43;0
55029901;;44;0
55029901;;45;0
55029901;;46;0
55029901;;47;0
55029901;;53;0
55029901;;55;0
55029902;;41;0
55029902;;42;0
55029902;;43;0
55029902;;44;0
55029902;;45;0
55029902;;46;0
55029902;;47;0
55029902;;55;0
55029903;;41;0
55029903;;42;0
55029903;;43;0
55029903;;44;0
55029903;;45;0
55029903;;46;0
55029903;;47;0
55029903;;55;0
55029904;;41;0
55029904;;42;0
55029904;;43;0
55029904;;44;0
55029904;;45;0
55029904;;46;0
55029904;;47;0
55029904;;55;0
55029905;;41;0
55029905;;42;0
55029905;;43;0
55029905;;44;0
55029905;;45;0
55029905;;46;0
55029905;;47;0
55029905;;55;0
55029906;;41;0
55029906;;42;0
55029906;;43;0
55029906;;44;0
55029906;;45;0
55029906;;46;0
55029906;;47;0
55029906;;55;0
55029907;;41;0
55029907;;42;0
55029907;;43;0
55029907;;44;0
55029907;;45;0
55029907;;46;0
55029907;;47;0
55029907;;55;0
55029911;;41;0
55029911;;42;0
55029911;;43;0
55029911;;44;0
55029911;;45;0
55029911;;46;0
55029911;;47;0
55029911;;55;0
55029911;;60;0
55029912;;41;0
55029912;;42;0
55029912;;43;0
55029912;;44;0
55029912;;45;0
55029912;;46;0
55029912;;47;0
55029912;;55;0
55029913;;41;0
55029913;;42;0
55029913;;43;0
55029913;;44;0
55029913;;45;0
55029913;;46;0
55029913;;47;0
55029913;;55;0
55029914;;41;0
55029914;;42;0
55029914;;43;0
55029914;;44;0
55029914;;45;0
55029914;;46;0
55029914;;55;0
55029915;;41;0
55029915;;42;0
55029915;;43;0
55029915;;44;0
55029915;;45;0
55029915;;46;0
55029915;;47;0
55029915;;54;0
55029915;;55;0
55029915;;60;0
55029916;;41;0
55029916;;43;0
55029916;;45;0
55029916;;46;0
55029916;;55;0
55029917;;53;0
55029917;;58;0
55029918;;41;0
55029918;;42;0
55029918;;43;0
55029918;;44;0
55029918;;45;0
55029918;;46;0
55029918;;55;0
55029918;;60;0
55029919;01;;0
55029919;01;11;0
55029919;01;12;0
55029919;01;13;0
55029919;01;14;0
55029919;01;15;0
55029919;01;16;0
55029919;01;17;0
55029919;01;43;0
55029919;01;52;0
55029919;02;;0
55029919;02;21;0
55029919;02;22;0
55029919;02;23;0
55029919;02;31;0
55029919;02;43;0
55029919;02;45;0
55029919;02;51;0
55029919;03;;0
55029919;03;31;0
55029919;03;32;0
55029919;03;33;0
55029919;03;34;0
55029919;03;35;0
55029919;03;36;0
55029919;03;43;0
55029919;03;45;0
55029919;03;51;0
55029919;03;58;0
55029920;02;43;0
55029920;02;54;0
55029920;02;58;0
55029920;03;41;0
55029920;03;43;0
55029920;03;45;0
55029920;03;58;0
55029920;03;60;0
55029921;01;53;0
55029921;02;53;0
55029921;03;53;0
55029922;02;41;0
55029922;02;58;0
55029922;03;58;0
55029923;;44;0
55029923;;55;0
55029924;;41;0
55029924;;42;0
55029924;;43;0
55029924;;44;0
55029924;;45;0
55029924;;46;0
55029924;;47;0
55029924;;55;0
55029924;;60;0
55029999;;41;0
55029999;;42;0
55029999;;43;0
55029999;;44;0
55029999;;45;0
55029999;;46;0
55029999;;47;0
55029999;;55;0
55031;;53;0
55032;;53;0
55033;;53;0
55034;;53;0
56011;;;0
56012;;;0
56014;;;0
56015;;;0
56019;;;0
5701;;;0
6001;15000001;;-216142.48
6001;15000002;;-216142.48
6001;15000004;;-59386.08
6001;15000005;;-59386.08
6001;15000006;;-8370.96
6001;15000011;;-12825
6001;15000012;;-12825
6001;15000013;;-68751.6
6001;15000014;;-68751.6
6001;15000015;;-26214.84
6001;15000016;;-764414.7
6001;15000017;;-750311.58
6001;15000018;;-450996.3
6001;15010001;;-1605199.4
6001;15010002;;-1605199.4
6001;15010003;;-1944729.22
6001;15010004;;-1944729.22
6001;15010005;;0
6001;15010006;;0
6001;15010007;;0
6001;15010008;;-502975
6001;15010010;;-502975
6001;15010012;;-440350
6001;15010013;;-883510.1
6001;15010014;;-1686701.1
6001;15010015;;-883510.1
6001;15010016;;-1686701.1
6001;15010017;;-2543792.4
6001;15010023;;-1414607.74
6001;15010024;;-1449198.66
6001;15010025;;-1414607.74
6001;15010026;;-1449198.66
6001;15010027;;-2514574.64
6001;15010028;;-7331577
6001;15010029;;-7331577
6001;15010030;;-6935682.6
6001;15010031;;-6935682.6
6001;15010032;;-1745739.59
6001;15010033;;0
6001;15010034;;0
6001;15010035;;-47023.5
6001;15010036;;-47023.5
6001;15010037;;-44484.3
6001;15010038;;-44484.3
6001;15010039;;-116112.25
6001;15010040;;-116112.25
6001;15010041;;-105408.45
6001;15010042;;-105408.45
6001;15010043;;-4089
6001;15010044;;-4089
6001;15020001;;-811450
6001;15020002;;-1514357.89
6001;15020004;;-2808203.16
6001;15020005;;-2355432.32
6001;15020006;;-2359081.22
6001;15020007;;0
6001;15020008;;-2932078.51
6001;15020010;;-13079796
6001;15020011;;0
6001;15020012;;-2340075
6001;15020015;;-13450845.31
6001;15020016;;-11872336.9
6001;15020017;;-27638816.58
6001;15020018;;-717822.39
6001;15020019;;-322656.36
6001;15020020;;-479752.65
6001;15020021;;-434993.5
6001;15020022;;-945887.16
6001;15020023;;-231876
6001;15020024;;-3054860.17
6001;15020025;;-303922.43
6001;15020026;;-211717.38
6001;15020027;;-435044.58
6001;15030001;;-392529.4
6001;15030002;;-392529.4
6001;15030003;;0
6001;15030004;;0
6001;15030005;;0
6001;15030006;;-359506.8
6001;15030007;;-359506.8
6001;15030008;;-2222155.54
6001;15030009;;-2222440.9
6001;15040001;;-132146.94
6001;15040002;;-882530.71
6001;15040003;;-1419072.63
6001;15040004;;-1026484.8
6001;15040005;;-1257614.17
6001;15040006;;-177245.61
6001;15040007;;-19048.09
6001;15040008;;-27783.62
6001;15040101;;-27.76
6001;15040102;;-27.76
6001;15040103;;.81
6001;15040301;;-2670492.19
6001;15040302;;-1940612.45
6001;15040303;;-32887.61
6001;15040304;;-249.56
6001;15040305;;-4023122.02
6001;15040306;;-5838755.55
6001;15040307;;-158734.92
6001;15040308;;-219001.74
6001;15040309;;-712911.16
6001;15040310;;-902008.97
6001;15040311;;-860698.95
6001;15040312;;-3757726.67
6001;15040313;;-1776013.52
6001;15040314;;2.85
6001;15040315;;2.85
6001;15040316;;1.1
6001;15040317;;1.1
6001;15040318;;-119058.2
6001;15040319;;-17919.55
6001;15040320;;-90417.32
6001;15040321;;1113.28
6001;15040322;;-376795.74
6001;15040323;;-.74
6001;15040324;;-42891.87
6001;15040801;;-373490.39
6001;15040802;;-373490.39
6001;15040803;;.14
6001;15040804;;.14
605101;;;-7382290.61
605109;;;-435875.56
630101;;;-401603.63
63010201;;;1965.81
630103;;;-628434.15
63010401;;;-32389.49
63010402;;;-30115.75
630109;;;-4249
640101;15000001;;364080.62
640101;15000002;;362993.43
640101;15000004;;143491.29
640101;15000005;;134709.55
640101;15000006;;63811.9
640101;15000011;;17873.68
640101;15000012;;16149.06
640101;15000016;;751749.13
640101;15000017;;742949.7
640101;15000018;;472098.68
640101;15010001;;1331293.92
640101;15010002;;1331323.65
640101;15010003;;3181702.32
640101;15010005;;5797587.44
640101;15010006;;5796893.32
640101;15010007;;11065935.8
640101;15010013;;864872.22
640101;15010014;;865076.74
640101;15010015;;1651531.04
640101;15010016;;1651693.53
640101;15010017;;2452353.97
640101;15010018;;2079804.31
640101;15010019;;2080039.26
640101;15010020;;1572235.97
640101;15010021;;1572028.93
640101;15010022;;3085420.61
640101;15010032;;1425158.91
640101;15010035;;40316.47
640101;15010036;;40316.47
640101;15010039;;87640.98
640101;15010040;;87647.37
640101;15010041;;165923.98
640101;15020001;;9015176.33
640101;15020007;;10053493.73
640101;15020008;;2711801.08
640101;15020009;;9647424.61
640101;15020011;;20710046.37
640101;15020013;;13189626.54
640101;15020014;;11048695.76
640101;15020024;;2449372.06
640101;15020026;;180473.58
640101;15020027;;325479.6
640101;15030001;;301610.85
640101;15030002;;301610.85
640101;15030006;;546209.83
640101;15030007;;546209.83
640101;15030008;;2116389.12
640101;15030009;;2117096.31
640101;15040001;;145360.56
640101;15040002;;636290.67
640101;15040003;;1323000.85
640101;15040004;;961470.14
640101;15040005;;1336257.93
640101;15040006;;133413.6
640101;15040007;;135736.97
640101;15040008;;21692.97
640101;15040101;;-66.89
640101;15040102;;-66.89
640101;15040103;;-52.65
640101;15040301;;-50678.22
640101;15040302;;84399.61
640101;15040303;;-1693.74
640101;15040304;;9.98
640101;15040305;;4556200.01
640101;15040306;;-124865.83
640101;15040307;;3042299.34
640101;15040308;;8121.64
640101;15040309;;515692.78
640101;15040310;;2120.3
640101;15040311;;82072.14
640101;15040312;;59276.06
640101;15040313;;53749.15
640101;15040314;;-188.11
640101;15040315;;-188.11
640101;15040316;;3791691.94
640101;15040317;;-70.88
640101;15040318;;483834.63
640101;15040319;;1543.44
640101;15040320;;8337.63
640101;15040321;;-44607.19
640101;15040322;;-44943.03
640101;15040323;;-.21
640101;15040324;;3595.52
640101;15040801;;837.99
640101;15040802;;837.99
640101;15040803;;-7.87
640101;15040804;;-7.88
640201;;;4905606.93
640209;;;1939.86
660101;10000002;41;28000
660101;10000003;41;1617080.12
660101;10000005;41;-121308.29
660102;10000001;53;45562.92
660102;10000002;53;661078.06
660102;10000003;53;1134793.46
660103;10000005;46;633587.32
660103;10000005;52;-187018.89
660104;10000001;46;82131.58
660104;10000002;46;6557.09
660104;10000003;46;403210.49
660105;;46;44983.15
660107;;46;130659.81
660109;;46;27648.67
660109;;52;881
66020101;;51;246756.51
66020101;;52;106155.29
66020101;;53;142007.7
66020101;;54;265875.72
66020101;;56;71734.84
66020101;;57;50273.31
66020102;;51;56746
66020102;;52;23043
66020102;;53;33408
66020102;;54;44757
66020102;;56;19560
66020102;;57;12500
66020103;;51;22966.04
66020103;;52;7681
66020103;;53;12190.64
66020103;;54;23887.36
66020103;;56;5781.6
66020103;;57;4066.19
66020104;;51;37297.05
66020104;;52;15318.1
66020104;;53;20244.6
66020104;;54;43927.37
66020104;;56;9990.95
66020104;;57;7202.73
66020105;;51;7016.14
66020105;;52;2881.61
66020105;;53;3808.32
66020105;;54;7548.1
66020105;;56;1879.47
66020105;;57;1354.94
66020106;;51;2385.92
66020106;;52;956.56
66020106;;53;1291.71
66020106;;54;2572.82
66020106;;56;621.64
66020106;;57;460.9
66020107;;51;18564.15
66020107;;52;7624.48
66020107;;53;10076.53
66020107;;54;19971.71
66020107;;56;4972.87
66020107;;57;3585.08
66020121;;51;42490.35
66020121;;52;18087.77
66020121;;53;24558.19
66020121;;54;43488.59
66020121;;56;12781.28
66020121;;57;8788.27
660202;;51;4447.77
660202;;52;2396.16
660202;;53;5818.77
660202;;54;185927.1
660202;;56;3134.85
660202;;57;787.5
660202;;58;12854.82
660202;;59;674.1
660203;;51;751.34
660203;;54;16274.17
660204;;51;7761.34
660204;;52;5406.32
660204;;53;1176.91
660204;;54;77785.64
660204;;56;403.82
660204;;58;711.49
660205;;51;42160.07
660205;;52;13052.66
660205;;53;7384.08
660205;;54;31572.99
660205;;56;67.22
660205;;57;51.7
660205;;58;7949.85
660206;;54;144
660207;;51;18788.26
660207;;54;25676.36
660207;;58;580
660208;;51;31369.8
660208;;52;2599
660208;;53;24036.67
660208;;54;6416
660208;;56;1179
660208;;57;96
660208;;58;98955.67
660209;;53;719
660209;;54;283369.15
660210;;53;107583.83
660211;;58;589579.3
660212;;58;3975
660213;;51;13368
660213;;52;17110
660213;;53;27287.5
660213;;54;5167.2
660213;;58;43952
660214;;57;178924.72
660215;;53;159537.66
660218;;54;116506.16
660219;;51;5124
660219;;53;2376
660219;;56;171
660219;;57;2000
660219;;58;14400
660219;;61;33270
660221;;53;276263.36
660222;;52;266.71
660222;;53;133.35
660222;;54;133.35
660222;;56;400.05
660222;;58;643.56
660224;;44;81759.68
660224;;54;11997
660225;;54;1200
660226;;54;52978.58
660227;;53;61219.88
660298;;53;113.88
660298;;54;44000.2
660298;;58;27286.99
660298;10000005;53;55.1
660298;10000005;54;101652.75
660298;10000005;58;2000
66029901;;41;479128.53
66029901;;42;303377.68
66029901;;43;465218.43
66029901;;44;100487.47
66029901;;45;203407.05
66029901;;46;777414.07
66029901;;47;20737.4
66029901;;48;181918.16
66029902;;41;115423
66029902;;42;60885
66029902;;43;97902
66029902;;44;22826
66029902;;45;43416
66029902;;46;183876
66029902;;47;4375
66029902;;48;45188
66029903;;41;42867.79
66029903;;42;26607.22
66029903;;43;40528.81
66029903;;44;10207.47
66029903;;45;17185.38
66029903;;46;67062.09
66029903;;47;2081.92
66029903;;48;16906.03
66029904;;41;70545.16
66029904;;42;42499.3
66029904;;43;69624.77
66029904;;44;15223.24
66029904;;45;29249.33
66029904;;46;113611.63
66029904;;47;3235.84
66029904;;48;26082.41
66029905;;41;13270.48
66029905;;42;7994.71
66029905;;43;13097.57
66029905;;44;2863.72
66029905;;45;5502.25
66029905;;46;21372.19
66029905;;47;608.85
66029905;;48;4906.51
66029906;;41;4590.65
66029906;;42;2696.13
66029906;;43;4444.62
66029906;;44;974.95
66029906;;45;1866.36
66029906;;46;7186.06
66029906;;47;128.26
66029906;;48;1661.25
66029907;;41;35112.8
66029907;;42;21153.13
66029907;;43;34655.33
66029907;;44;7577.2
66029907;;45;14558.53
66029907;;46;56549.05
66029907;;47;1610.88
66029907;;48;12982.26
66029921;;41;83237.22
66029921;;42;50996.78
66029921;;43;78836.87
66029921;;44;17263.89
66029921;;45;34555.23
66029921;;46;134580.6
66029921;;47;3515.73
66029921;;48;31794.85
66029922;;41;202518.81
66029922;;42;59824.72
66029922;;43;3758.55
66029922;;44;77288.37
66029922;;45;4905.99
66029922;;46;188331.37
66029922;;47;982.35
66029922;;48;19704.03
66029923;;41;29851.34
66029923;;42;53948.2
66029923;;43;37749.55
66029923;;44;45097.64
66029923;;45;1903.55
66029923;;46;28629.54
66029923;;48;70340.75
66029924;;41;8308.23
66029924;;43;6676.08
66029924;;44;25
66029924;;45;55584.18
66029924;;46;5230
66029924;;48;140
66029925;;41;3351.09
66029925;;42;2216.18
66029925;;43;4539.43
66029925;;44;1469.37
66029925;;45;6647.1
66029925;;46;37773.05
66029925;;48;31465.87
66029926;;48;810
66029927;;41;4079.02
66029927;;42;390856.98
66029927;;43;1278.5
66029927;;44;522945.17
66029927;;45;3.2
66029927;;46;3000
66029927;;48;58989.33
66029928;;41;44670.3
66029928;;42;7631
66029928;;43;10414.9
66029928;;44;242
66029928;;45;19098.4
66029928;;46;28568.33
66029928;;48;10940
66029929;;41;16749.9
66029929;;42;1146
66029929;;46;1686
66029930;;58;589579.5
66029931;;41;32661
66029931;;43;4706
66029931;;44;11752
66029931;;45;16660
66029931;;46;16387.5
66029931;;48;11793
66029932;;41;1520
66029932;;43;2400
66029932;;48;6224
66029933;10000001;14;6200
66029933;10000001;15;1637.5
66029933;10000001;17;6495.73
66029933;10000002;21;9439.49
66029933;10000002;22;36365.94
66029933;10000002;23;45192
66029933;10000003;31;66665.53
66029933;10000003;32;20850
66029933;10000003;33;8059
66029933;10000003;36;8550
66029933;10000003;38;-17126.47
66029933;10000003;45;78704.54
66029934;10000003;41;17511.42
66029934;10000003;43;18109.48
66029935;;41;11313.91
66029935;;43;11483.14
66029935;;46;2237.5
66029935;;48;1450
66029936;10000001;53;16885.74
66029936;10000002;53;81258.51
66029936;10000003;53;154733.97
66029937;10000002;58;167064.88
66029937;10000003;58;418486.99
66029938;;44;29305.08
66029938;;48;52330.9
66029939;;41;785.34
66029939;;42;4462.32
66029939;;43;214.35
66029939;;44;208.35
66029939;;45;451.72
66029939;;46;3241.65
66029939;;48;127.35
66029941;;48;130356.7
66029999;;43;-.01
66029999;;44;6132
66029999;;46;130374
66029999;;48;52512
660301;;53;0
660302;;53;-94945.24
660303;;53;45849.15
660304;;53;-3337467.68
670102;;;-437169.01
67110101;;;447996.04
671102;;;526179.9
67110301;;;4464.48
67110302;;;15180.79
6801;;;3059036.72
